0	4.155451428571428
0.5	4.204864864864865
1	4.121139500734214
1.5	4.117516022007253
2	4.116877523553163
2.5	4.1093564122738
3.0	4.1093564122738
3.5	4.1093564122738
4	4.100104926423544
4.5	4.100104926423544
5.0	4.100104926423544
5.5	4.151101491101491
6.0	4.151101491101491
6.5	4.151101491101491
7.0	4.151101491101491
7.5	4.151101491101491
8.0	4.151101491101491
8.5	4.151101491101491
9.0	4.151101491101491
9.5	4.045495195058125
10	4.044453863134658
10.5	4.044453863134658
11.0	4.044453863134658
11.5	4.044453863134658
12.0	4.044453863134658
12.5	4.044453863134658
13.0	4.044453863134658
13.5	4.044453863134658
14.0	4.044453863134658
14.5	3.7671825887743413
15.0	3.7671825887743413
15.5	3.7671825887743413
16.0	3.7671825887743413
16.5	3.7671825887743413
17.0	3.7671825887743413
17.5	3.7671825887743413
18.0	3.7671825887743413
18.5	3.811114465059708
19	3.8114667252361083
19.5	3.8114667252361083
20.0	3.8114667252361083
20.5	3.8114667252361083
21.0	3.8114667252361083
21.5	3.8114667252361083
22.0	3.8114667252361083
22.5	3.8114667252361083
23.0	3.8114667252361083
23.5	3.529877385302477
24.0	3.529877385302477
24.5	3.529877385302477
25.0	3.529877385302477
25.5	3.529877385302477
26.0	3.529877385302477
26.5	3.529877385302477
27.0	3.529877385302477
27.5	3.529877385302477
28.0	3.529877385302477
28.5	3.231434390009606
29.0	3.231434390009606
29.5	3.231434390009606
30.0	3.231434390009606
30.5	3.231434390009606
31.0	3.231434390009606
31.5	3.231434390009606
32.0	3.231434390009606
32.5	3.231434390009606
33.0	3.231434390009606
33.5	2.864781847649919
34.0	2.864781847649919
34.5	2.864781847649919
35.0	2.864781847649919
35.5	2.864781847649919
36.0	2.864781847649919
36.5	2.864781847649919
37.0	2.864781847649919
37.5	2.864781847649919
38.0	2.864781847649919
38.5	2.864781847649919
39.0	2.864781847649919
39.5	2.864781847649919
40	3.699969656403391
40.5	3.699969656403391
41.0	3.699969656403391
41.5	3.699969656403391
42.0	3.699969656403391
42.5	3.9178438661710038
43.0	3.9178438661710038
43.5	2.962438828720417
44.0	2.962438828720417
44.5	2.962438828720417
45.0	2.962438828720417
45.5	2.962438828720417
46	1.7102149491375498
46.5	1.7102149491375498
47.0	1.7102149491375498
47.5	1.7102149491375498
48.0	1.7102149491375498
48.5	1.7102149491375498
49.0	1.7102149491375498
49.5	1.7102149491375498
50.0	1.7102149491375498
50.5	3.4550804702653233
51	3.483634218289086
51.5	3.483634218289086
52.0	3.483634218289086
52.5	3.483634218289086
53	3.817228985507246
53.5	3.817228985507246
54.0	3.817228985507246
54.5	3.817228985507246
55	2.94584804507427
55.5	2.94584804507427
56.0	2.94584804507427
56.5	2.94584804507427
57.0	2.94584804507427
57.5	2.94584804507427
58.0	2.94584804507427
58.5	2.94584804507427
59.0	2.94584804507427
59.5	2.94584804507427
60.0	2.94584804507427
60.5	2.94584804507427
61	3.16489216446858
61.5	3.16489216446858
62.0	3.16489216446858
62.5	3.16489216446858
63.0	3.16489216446858
63.5	3.16489216446858
64.0	3.16489216446858
64.5	3.16489216446858
65.0	3.16489216446858
65.5	3.16489216446858
66	3.434948115999211
66.5	3.434948115999211
67.0	3.434948115999211
67.5	3.434948115999211
68.0	3.434948115999211
68.5	3.434948115999211
69.0	3.434948115999211
69.5	3.434948115999211
70.0	3.434948115999211
70.5	3.434948115999211
71	2.3150304234936203
71.5	2.2860879855930025
72.0	2.2860879855930025
72.5	2.2860879855930025
73.0	2.2860879855930025
73.5	2.2860879855930025
74.0	2.2860879855930025
74.5	2.2860879855930025
75.0	2.2860879855930025
75.5	2.2860879855930025
76.0	2.2860879855930025
76.5	2.2860879855930025
77.0	2.2860879855930025
77.5	2.2860879855930025
78.0	2.2860879855930025
78.5	2.2860879855930025
79	3.007913978494624
79.5	3.007913978494624
80.0	3.007913978494624
80.5	3.007913978494624
81.0	3.007913978494624
81.5	1.9024915254237287
82.0	1.9024915254237287
82.5	1.9024915254237287
83.0	1.9024915254237287
83.5	1.9024915254237287
84.0	1.9024915254237287
84.5	1.9024915254237287
85.0	1.9024915254237287
85.5	2.1525037125037123
86.0	2.1525037125037123
86.5	2.1525037125037123
87.0	2.1525037125037123
87.5	2.1525037125037123
88.0	2.1525037125037123
88.5	2.1525037125037123
89	2.536157832744405
89.5	2.536157832744405
90.0	2.536157832744405
90.5	2.536157832744405
91.0	2.536157832744405
91.5	2.536157832744405
92.0	2.536157832744405
92.5	4.081814266487214
93.0	4.081814266487214
93.5	4.081814266487214
94	3.6180306834030684
94.5	3.6180306834030684
95.0	3.6180306834030684
95.5	3.6180306834030684
96	3.896007051323322
96.5	3.903244
97.0	3.903244
97.5	3.903244
98.0	3.903244
98.5	3.6169328198545143
99.0	3.6169328198545143
99.5	3.6169328198545143
100.0	3.6169328198545143
100.5	3.6169328198545143
101.0	3.6169328198545143
101.5	3.6169328198545143
102.0	3.6169328198545143
102.5	3.6169328198545143
103	3.724060684872128
103.5	3.724060684872128
104.0	3.724060684872128
104.5	3.724060684872128
105.0	3.724060684872128
105.5	3.724060684872128
106.0	3.724060684872128
106.5	3.724060684872128
107.0	3.724060684872128
107.5	3.724060684872128
108	3.7438257155061936
108.5	3.7438257155061936
109.0	3.7438257155061936
109.5	3.7438257155061936
110.0	3.7438257155061936
110.5	3.7438257155061936
111.0	3.7438257155061936
111.5	3.7438257155061936
112.0	3.7438257155061936
112.5	3.5647092751363987
113.0	3.5647092751363987
113.5	3.5647092751363987
114.0	3.5647092751363987
114.5	3.5647092751363987
115.0	3.5647092751363987
115.5	3.5647092751363987
116.0	3.5647092751363987
116.5	3.5647092751363987
117.0	3.5647092751363987
117.5	3.5647092751363987
118	3.809015060862389
118.5	3.809015060862389
119.0	3.809015060862389
119.5	3.809015060862389
120.0	3.809015060862389
120.5	3.809015060862389
121.0	3.809015060862389
121.5	3.809015060862389
122.0	3.809015060862389
122.5	3.6265526065205247
123	3.624595097210482
123.5	3.624595097210482
124.0	3.624595097210482
124.5	3.624595097210482
125.0	3.624595097210482
125.5	3.624595097210482
126.0	3.624595097210482
126.5	3.624595097210482
127.0	3.624595097210482
127.5	2.6177344469064256
128.0	2.6177344469064256
128.5	2.6177344469064256
129.0	2.6177344469064256
129.5	2.6177344469064256
130.0	2.6177344469064256
130.5	2.6177344469064256
131.0	2.6177344469064256
131.5	2.6177344469064256
132.0	2.6177344469064256
132.5	2.6177344469064256
133.0	2.6177344469064256
133.5	2.011443156539047
134.0	2.011443156539047
134.5	2.011443156539047
135.0	2.011443156539047
135.5	2.011443156539047
136.0	2.011443156539047
136.5	2.011443156539047
137.0	2.011443156539047
137.5	2.011443156539047
138.0	2.011443156539047
138.5	2.011443156539047
139.0	2.011443156539047
139.5	2.011443156539047
140.0	2.011443156539047
140.5	2.011443156539047
141.0	2.011443156539047
141.5	2.011443156539047
142	2.3806836935166995
142.5	2.3806836935166995
143.0	2.3806836935166995
143.5	2.3806836935166995
144	2.32716974054392
144.5	2.32716974054392
145.0	2.32716974054392
145.5	2.32716974054392
146.0	2.32716974054392
146.5	2.32716974054392
147.0	2.32716974054392
147.5	1.7412778904665316
148.0	1.7412778904665316
148.5	1.7412778904665316
149.0	1.7412778904665316
149.5	1.7412778904665316
150.0	1.7412778904665316
150.5	1.7412778904665316
151.0	1.7412778904665316
151.5	1.9589202102245582
152.0	1.9589202102245582
152.5	1.9589202102245582
153.0	1.9589202102245582
153.5	1.9589202102245582
154.0	1.9589202102245582
154.5	1.9589202102245582
155.0	1.9589202102245582
155.5	3.6217873280792894
156	3.660320082601962
156.5	3.660320082601962
157.0	3.660320082601962
157.5	3.503943630504706
158	3.498776829815896
158.5	3.498776829815896
159.0	3.498776829815896
159.5	3.498776829815896
160	3.4746159420289855
160.5	3.4746159420289855
161.0	3.4746159420289855
161.5	3.4746159420289855
162.0	3.4746159420289855
162.5	3.4233167755991287
163.0	3.4233167755991287
163.5	3.4233167755991287
164.0	3.4233167755991287
164.5	3.6077629136133536
165	3.6157997823721435
165.5	3.6157997823721435
166.0	3.6157997823721435
166.5	3.598268659866074
167	3.5958364312267657
167.5	3.5958364312267657
168.0	3.5958364312267657
168.5	3.1466021845996455
169	3.139683547768957
169.5	3.139683547768957
170.0	3.139683547768957
170.5	3.139683547768957
171.0	3.139683547768957
171.5	3.139683547768957
172.0	3.139683547768957
