0	1.1710209339774558
0.5	1.1710209339774558
1.0	1.1710209339774558
1.5	1.181994301994302
2.0	1.181994301994302
2.5	1.1804557776358513
3	1.1802278481012658
3.5	1.1798133602444376
4	1.1797495256166983
4.5	1.1797495256166983
5	1.1617812279463655
5.5	1.1617812279463655
6.0	1.1617812279463655
6.5	1.1617812279463655
7.0	1.1617812279463655
7.5	1.1617812279463655
8	1.4111362126245848
8.5	1.4111362126245848
9.0	1.4111362126245848
9.5	1.4111362126245848
10	1.9374485156458945
10.5	1.9374485156458945
11.0	1.9374485156458945
11.5	1.9374485156458945
12.0	1.9374485156458945
12.5	1.9374485156458945
13.0	1.9374485156458945
13.5	2.1736858826543686
14.0	2.1736858826543686
14.5	2.1736858826543686
15.0	2.1736858826543686
15.5	2.1736858826543686
16.0	2.1736858826543686
16.5	2.1736858826543686
17.0	2.1736858826543686
17.5	2.7020451485148516
18.0	2.7020451485148516
18.5	2.7020451485148516
19.0	2.7020451485148516
19.5	2.7020451485148516
20	4.021327553850353
20.5	4.059469183786785
21.0	4.059469183786785
21.5	4.059469183786785
22	3.4615801104972372
22.5	3.4615801104972372
23.0	3.4615801104972372
23.5	3.4615801104972372
24.0	3.4615801104972372
24.5	4.026014262205156
25.0	4.026014262205156
25.5	4.026014262205156
26	5.188920576332438
26.5	5.2240055172413795
27.0	5.2240055172413795
27.5	5.355331720743289
28	5.360131919905772
28.5	5.360131919905772
29.0	5.360131919905772
29.5	5.360131919905772
30.0	5.360131919905772
30.5	5.360131919905772
31	6.04085136655709
31.5	6.060896108802418
32.0	6.060896108802418
32.5	6.060896108802418
33.0	6.060896108802418
33.5	6.060896108802418
34	6.857771405814416
34.5	6.857771405814416
35.0	6.857771405814416
35.5	6.857771405814416
36.0	6.857771405814416
36.5	5.241062088698141
37.0	5.241062088698141
37.5	5.241062088698141
38.0	5.241062088698141
38.5	5.241062088698141
39.0	5.241062088698141
39.5	5.241062088698141
40	5.083645788336933
40.5	5.083645788336933
41.0	5.083645788336933
41.5	5.083645788336933
42.0	5.083645788336933
42.5	5.083645788336933
43.0	5.083645788336933
43.5	7.754608467917939
44.0	7.754608467917939
44.5	7.754608467917939
45.0	7.754608467917939
45.5	7.006822998557671
46	6.971245252525253
46.5	6.971245252525253
47.0	6.971245252525253
47.5	6.971245252525253
48.0	6.971245252525253
48.5	5.695701221640488
49.0	5.695701221640488
49.5	5.695701221640488
50.0	5.695701221640488
50.5	5.695701221640488
51	5.371625044585675
51.5	5.345947804728278
52.0	5.345947804728278
52.5	5.345947804728278
53.0	5.345947804728278
53.5	5.345947804728278
54.0	5.345947804728278
54.5	5.179484946281072
55	5.176827264782989
55.5	5.176827264782989
56.0	5.176827264782989
56.5	5.176827264782989
57.0	5.176827264782989
57.5	5.176827264782989
58	5.060300784821873
58.5	5.058026600680482
59.0	5.058026600680482
59.5	5.058026600680482
60.0	5.058026600680482
60.5	5.058026600680482
61.0	5.058026600680482
61.5	3.7662691065662
62.0	3.7662691065662
62.5	3.7662691065662
63.0	3.7662691065662
63.5	3.7662691065662
64.0	3.7662691065662
64.5	3.7662691065662
65.0	3.7662691065662
65.5	3.7662691065662
66	4.58385770104786
66.5	4.594066557555919
67.0	4.594066557555919
67.5	4.594066557555919
68.0	4.594066557555919
68.5	4.594066557555919
69.0	4.594066557555919
69.5	4.594066557555919
70	5.592268456375839
70.5	5.592268456375839
71.0	5.592268456375839
71.5	5.592268456375839
72.0	5.592268456375839
72.5	5.592268456375839
73.0	5.592268456375839
73.5	3.5871723510686673
74.0	3.5871723510686673
74.5	3.5871723510686673
75.0	3.5871723510686673
75.5	3.5871723510686673
76.0	3.5871723510686673
76.5	3.5871723510686673
77.0	3.5871723510686673
77.5	3.5871723510686673
78	4.907158620689655
78.5	4.907158620689655
79.0	4.907158620689655
79.5	4.907158620689655
80.0	4.907158620689655
80.5	4.907158620689655
81.0	4.907158620689655
81.5	4.205275686179257
82.0	4.205275686179257
82.5	4.205275686179257
83.0	4.205275686179257
83.5	4.205275686179257
84.0	4.205275686179257
84.5	4.205275686179257
85.0	4.205275686179257
85.5	2.838911368161465
86	2.7479752925877765
86.5	2.7479752925877765
87.0	2.7479752925877765
87.5	2.7479752925877765
88.0	2.7479752925877765
88.5	2.7479752925877765
89.0	2.7479752925877765
89.5	2.7479752925877765
90.0	2.7479752925877765
90.5	2.7479752925877765
91.0	2.7479752925877765
91.5	2.7479752925877765
92	5.062703594578668
92.5	5.062703594578668
93.0	5.062703594578668
93.5	5.062703594578668
94.0	5.062703594578668
94.5	5.062703594578668
95.0	5.062703594578668
95.5	5.282878842676311
96.0	5.282878842676311
96.5	5.282878842676311
97.0	5.282878842676311
97.5	5.282878842676311
98.0	5.282878842676311
98.5	5.282878842676311
99	5.219425962910128
99.5	5.219425962910128
100.0	5.219425962910128
100.5	5.219425962910128
101.0	5.219425962910128
101.5	5.219425962910128
102.0	5.219425962910128
102.5	4.814158018252933
103.0	4.814158018252933
103.5	4.814158018252933
104.0	4.814158018252933
104.5	4.814158018252933
105.0	4.814158018252933
105.5	4.814158018252933
106.0	4.814158018252933
106.5	4.626809819260858
107.0	4.626809819260858
107.5	4.626809819260858
108.0	4.626809819260858
108.5	4.626809819260858
109.0	4.626809819260858
109.5	4.626809819260858
110.0	4.626809819260858
110.5	4.093349680170576
111.0	4.093349680170576
111.5	4.093349680170576
112.0	4.093349680170576
112.5	4.093349680170576
113.0	4.093349680170576
113.5	4.093349680170576
114	3.3423610894941636
114.5	3.3423610894941636
115.0	3.3423610894941636
115.5	3.3423610894941636
116.0	3.3423610894941636
116.5	3.3423610894941636
117.0	3.3423610894941636
117.5	3.3423610894941636
118.0	3.3423610894941636
118.5	3.3423610894941636
119.0	3.3423610894941636
119.5	5.311437461107654
120.0	5.311437461107654
120.5	5.311437461107654
121.0	5.311437461107654
121.5	5.311437461107654
122.0	5.311437461107654
122.5	6.847796312503562
123	6.979252032520325
123.5	6.979252032520325
124.0	6.979252032520325
124.5	6.979252032520325
125.0	6.979252032520325
125.5	4.161837651122625
126.0	4.161837651122625
126.5	4.161837651122625
127.0	4.161837651122625
127.5	4.161837651122625
128.0	4.161837651122625
128.5	4.161837651122625
129.0	4.161837651122625
129.5	2.262338899676376
130.0	2.262338899676376
130.5	2.262338899676376
131.0	2.262338899676376
131.5	2.262338899676376
132.0	2.262338899676376
132.5	2.262338899676376
133.0	2.262338899676376
133.5	2.262338899676376
134.0	2.262338899676376
134.5	2.262338899676376
135.0	2.262338899676376
135.5	2.262338899676376
136.0	2.262338899676376
136.5	2.262338899676376
137	2.3078247733479547
137.5	2.308325265161817
138.0	2.308325265161817
138.5	2.308325265161817
139.0	2.308325265161817
139.5	2.308325265161817
140.0	2.308325265161817
140.5	2.308325265161817
141.0	2.308325265161817
141.5	2.308325265161817
142.0	2.308325265161817
142.5	2.308325265161817
143.0	2.308325265161817
143.5	2.308325265161817
144.0	2.308325265161817
144.5	3.580640580879387
145.0	3.580640580879387
145.5	3.580640580879387
146.0	3.580640580879387
146.5	3.580640580879387
147.0	3.580640580879387
147.5	3.580640580879387
148.0	3.580640580879387
148.5	3.580640580879387
149.0	3.580640580879387
149.5	4.781884669479607
150.0	4.781884669479607
150.5	4.781884669479607
151.0	4.781884669479607
151.5	4.781884669479607
152.0	4.781884669479607
152.5	4.781884669479607
153	5.529108469377791
153.5	5.5366752926678995
154.0	5.5366752926678995
154.5	5.5366752926678995
155.0	5.5366752926678995
155.5	5.5366752926678995
156.0	5.5366752926678995
156.5	6.167106918238994
157.0	6.167106918238994
157.5	6.167106918238994
158.0	6.167106918238994
158.5	6.167106918238994
159	6.292005839416059
159.5	6.292005839416059
160.0	6.292005839416059
160.5	6.292005839416059
161.0	6.292005839416059
161.5	6.292005839416059
162	4.798855230125523
162.5	4.798855230125523
163.0	4.798855230125523
163.5	4.798855230125523
164.0	4.798855230125523
