0	2.2036484848484847
0.5	2.2036484848484847
1	2.230537634408602
1.5	2.219952380952381
2	2.2020713012477717
2.5	2.2020713012477717
3.0	2.2020713012477717
3.5	2.2020713012477717
4.0	2.2020713012477717
4.5	2.2614838343732275
5.0	2.2614838343732275
5.5	2.2614838343732275
6.0	2.2614838343732275
6.5	2.2614838343732275
7.0	2.2614838343732275
7.5	2.2614838343732275
8	2.266076379066478
8.5	2.266076379066478
9.0	2.266076379066478
9.5	2.266076379066478
10.0	2.266076379066478
10.5	2.266076379066478
11	2.236529793146033
11.5	2.236529793146033
12.0	2.236529793146033
12.5	2.236529793146033
13.0	2.236529793146033
13.5	2.236529793146033
14	1.983672901168703
14.5	1.9785205223880595
15.0	1.9785205223880595
15.5	1.9785205223880595
16.0	1.9785205223880595
16.5	1.9785205223880595
17.0	1.9785205223880595
17.5	1.9785205223880595
18.0	1.9785205223880595
18.5	2.218031209362809
19.0	2.218031209362809
19.5	2.218031209362809
20.0	2.218031209362809
20.5	2.218031209362809
21.0	2.218031209362809
21.5	2.2259753952106647
22	2.226280146163216
22.5	2.226280146163216
23.0	2.226280146163216
23.5	2.226280146163216
24.0	2.226280146163216
24.5	2.226280146163216
25	2.2482602816884514
25.5	2.249043374214777
26.0	2.249043374214777
26.5	2.249043374214777
27.0	2.249043374214777
27.5	2.249043374214777
28.0	2.249043374214777
28.5	2.258284307692308
29.0	2.258284307692308
29.5	2.258284307692308
30.0	2.258284307692308
30.5	2.258284307692308
31.0	2.258284307692308
31.5	2.258284307692308
32	2.026975648916243
32.5	2.026975648916243
33.0	2.026975648916243
33.5	2.026975648916243
34.0	2.026975648916243
34.5	2.026975648916243
35.0	2.026975648916243
35.5	2.026975648916243
36	2.2289333333333334
36.5	2.2289333333333334
37.0	2.2289333333333334
37.5	2.2289333333333334
38.0	2.2289333333333334
38.5	2.2289333333333334
39.0	2.2289333333333334
39.5	2.2581664294284023
40	2.258779381443299
40.5	2.258779381443299
41.0	2.258779381443299
41.5	2.258779381443299
42.0	2.258779381443299
42.5	2.2645777959643563
43	2.2647531432076047
43.5	2.2647531432076047
44.0	2.2647531432076047
44.5	2.2647531432076047
45.0	2.2647531432076047
45.5	2.2647531432076047
46	2.143456762749446
46.5	2.143456762749446
47.0	2.143456762749446
47.5	2.143456762749446
48.0	2.143456762749446
48.5	2.143456762749446
49.0	2.143456762749446
49.5	2.1023964510706747
50	2.101338078291815
50.5	2.101338078291815
51.0	2.101338078291815
51.5	2.101338078291815
52.0	2.101338078291815
52.5	2.101338078291815
53	2.0955910397522333
53.5	2.0953762927605406
54.0	2.0953762927605406
54.5	2.0953762927605406
55.0	2.0953762927605406
55.5	2.0953762927605406
56.0	2.0953762927605406
56.5	2.0953762927605406
57	2.268971446116058
57.5	2.268971446116058
58.0	2.268971446116058
58.5	2.268971446116058
59.0	2.268971446116058
59.5	2.268971446116058
60.0	2.268971446116058
60.5	2.1806273310914093
61.0	2.1806273310914093
61.5	2.1806273310914093
62.0	2.1806273310914093
62.5	2.1806273310914093
63.0	2.1806273310914093
63.5	1.9310633951926692
64	1.9066487025948105
64.5	1.9066487025948105
65.0	1.9066487025948105
65.5	1.9066487025948105
66.0	1.9066487025948105
66.5	1.9066487025948105
67.0	1.9066487025948105
67.5	1.9066487025948105
68	1.7636547483488956
68.5	1.7636547483488956
69.0	1.7636547483488956
69.5	1.7636547483488956
70.0	1.7636547483488956
70.5	1.7636547483488956
71.0	1.7636547483488956
71.5	1.7636547483488956
72.0	1.7636547483488956
72.5	2.0801308744794764
73.0	2.0801308744794764
73.5	2.0801308744794764
74.0	2.0801308744794764
74.5	2.0801308744794764
75.0	2.0801308744794764
75.5	2.0801308744794764
76	2.1011430242761038
76.5	2.1011430242761038
77.0	2.1011430242761038
77.5	2.1011430242761038
78.0	2.1011430242761038
78.5	2.1011430242761038
79.0	2.1011430242761038
79.5	2.214323250840208
80.0	2.214323250840208
80.5	2.214323250840208
81.0	2.214323250840208
81.5	2.214323250840208
82.0	2.214323250840208
82.5	2.214323250840208
83	2.2803261848027536
83.5	2.2803261848027536
84.0	2.2803261848027536
84.5	2.2803261848027536
85.0	2.2803261848027536
85.5	2.2803261848027536
86.0	2.2803261848027536
86.5	2.196559352489319
87	2.1936983725135626
87.5	2.1936983725135626
88.0	2.1936983725135626
88.5	2.1936983725135626
89.0	2.1936983725135626
89.5	1.974723166708957
90.0	1.974723166708957
90.5	1.974723166708957
91.0	1.974723166708957
91.5	1.974723166708957
92.0	1.974723166708957
92.5	1.974723166708957
93.0	1.974723166708957
93.5	2.0345290591608025
94.0	2.0345290591608025
94.5	2.0345290591608025
95.0	2.0345290591608025
95.5	2.0345290591608025
96.0	2.0345290591608025
96.5	2.0345290591608025
97.0	2.0345290591608025
97.5	2.1213475981968744
98	2.127072146118721
98.5	2.127072146118721
99.0	2.127072146118721
99.5	2.127072146118721
100.0	2.127072146118721
100.5	2.127072146118721
101	2.1960379637618637
101.5	2.1960379637618637
102.0	2.1960379637618637
102.5	2.1960379637618637
103.0	2.1960379637618637
103.5	2.1960379637618637
104.0	2.1960379637618637
104.5	2.2797184591845308
105	2.2825583494519663
105.5	2.2825583494519663
106.0	2.2825583494519663
106.5	2.2825583494519663
107.0	2.2825583494519663
107.5	2.2825583494519663
108	2.1767758212877792
108.5	2.1767758212877792
109.0	2.1767758212877792
109.5	2.1767758212877792
110.0	2.1767758212877792
110.5	2.1767758212877792
111.0	2.1767758212877792
111.5	2.1767758212877792
112	2.1658174142480213
112.5	2.1658174142480213
113.0	2.1658174142480213
113.5	2.1658174142480213
114.0	2.1658174142480213
114.5	2.1658174142480213
115.0	2.1658174142480213
115.5	2.223298106268631
116	2.224966411314084
116.5	2.224966411314084
117.0	2.224966411314084
117.5	2.224966411314084
118.0	2.224966411314084
118.5	2.224966411314084
119	2.202182326753872
119.5	2.201470743676859
120.0	2.201470743676859
120.5	2.201470743676859
121.0	2.201470743676859
121.5	2.201470743676859
122	2.1768545362392295
122.5	2.1768545362392295
123.0	2.1768545362392295
123.5	2.1768545362392295
124.0	2.1768545362392295
124.5	2.1768545362392295
125.0	2.1768545362392295
125.5	2.1768545362392295
126.0	2.1768545362392295
126.5	2.1768545362392295
127.0	2.1768545362392295
127.5	2.1768545362392295
128.0	2.1768545362392295
128.5	2.1768545362392295
129.0	2.1768545362392295
129.5	2.1768545362392295
130	2.1768630451415456
130.5	2.1768630451415456
131.0	2.1768630451415456
131.5	2.1768630451415456
132.0	2.1768630451415456
132.5	2.1768630451415456
133.0	2.1768630451415456
133.5	2.1768630451415456
134.0	2.1768630451415456
134.5	2.1768630451415456
135.0	2.1768630451415456
135.5	2.1768630451415456
136.0	2.1768630451415456
136.5	2.1768630451415456
137.0	2.1768630451415456
137.5	2.1768630451415456
138	2.0968441621885687
138.5	2.0968441621885687
139.0	2.0968441621885687
139.5	2.0968441621885687
140.0	2.0968441621885687
140.5	2.0968441621885687
141.0	2.0968441621885687
141.5	2.0968441621885687
142.0	2.0968441621885687
142.5	2.0968441621885687
143.0	2.0968441621885687
143.5	2.0968441621885687
144.0	2.0968441621885687
144.5	2.0968441621885687
145.0	2.0968441621885687
145.5	2.0968441621885687
146	2.168671637953201
146.5	2.168671637953201
147.0	2.168671637953201
147.5	2.168671637953201
148.0	2.168671637953201
148.5	2.168671637953201
149.0	2.168671637953201
149.5	2.168671637953201
150.0	2.168671637953201
150.5	2.168671637953201
151.0	2.168671637953201
151.5	2.168671637953201
152.0	2.168671637953201
152.5	2.168671637953201
153.0	2.168671637953201
153.5	2.168671637953201
154	2.106896197327852
154.5	2.106896197327852
155.0	2.106896197327852
155.5	2.106896197327852
156.0	2.106896197327852
156.5	2.106896197327852
157.0	2.106896197327852
157.5	2.106896197327852
158	2.226072213500785
158.5	2.226072213500785
159.0	2.226072213500785
159.5	2.226072213500785
160.0	2.226072213500785
160.5	2.226072213500785
161.0	2.226072213500785
161.5	2.2313218785796107
162.0	2.2313218785796107
162.5	2.2313218785796107
163.0	2.2313218785796107
163.5	2.2313218785796107
164.0	2.2313218785796107
164.5	2.2313218785796107
165	2.2644486422668244
165.5	2.2644486422668244
166.0	2.2644486422668244
166.5	2.2644486422668244
167.0	2.2644486422668244
167.5	2.2644486422668244
168.0	2.2644486422668244
168.5	2.0433061118335503
169.0	2.0433061118335503
169.5	2.0433061118335503
170.0	2.0433061118335503
170.5	2.0433061118335503
171.0	2.0433061118335503
171.5	2.0433061118335503
172.0	2.0433061118335503
172.5	2.1362391513982644
173.0	2.1362391513982644
173.5	2.1362391513982644
174.0	2.1362391513982644
174.5	2.1362391513982644
175.0	2.1362391513982644
175.5	2.238333884297521
176.0	2.238333884297521
176.5	2.238333884297521
177.0	2.238333884297521
177.5	2.238333884297521
178.0	2.238333884297521
178.5	2.2780789348549693
179.0	2.2780789348549693
179.5	2.2780789348549693
180.0	2.2780789348549693
180.5	2.2780789348549693
