0	1.7801811505507956
0.5	1.7801811505507956
1	1.7908489208633094
1.5	1.7908489208633094
2	1.7988038585209003
2.5	1.7943088023088023
3.0	1.7943088023088023
3.5	1.781384196185286
4	1.7707822011728171
4.5	1.7698
5.0	1.7698
5.5	1.570868617773943
6	1.5625798101811905
6.5	1.5625798101811905
7.0	1.5625798101811905
7.5	1.5625798101811905
8.0	1.5625798101811905
8.5	1.5625798101811905
9.0	1.5625798101811905
9.5	1.5625798101811905
10.0	1.5625798101811905
10.5	1.546462996718921
11.0	1.546462996718921
11.5	1.546462996718921
12.0	1.546462996718921
12.5	1.546462996718921
13.0	1.546462996718921
13.5	1.546462996718921
14.0	1.546462996718921
14.5	1.546462996718921
15.0	1.546462996718921
15.5	1.546462996718921
16	1.861064920894708
16.5	1.861064920894708
17.0	1.861064920894708
17.5	1.861064920894708
18.0	1.861064920894708
18.5	1.861064920894708
19.0	1.861064920894708
19.5	1.861064920894708
20	1.768530237058539
20.5	1.768530237058539
21.0	1.768530237058539
21.5	1.768530237058539
22.0	1.768530237058539
22.5	1.768530237058539
23.0	1.768530237058539
23.5	1.768530237058539
24	1.5406868852459017
24.5	1.5406868852459017
25.0	1.5406868852459017
25.5	1.5406868852459017
26.0	1.5406868852459017
26.5	1.5406868852459017
27.0	1.5406868852459017
27.5	1.5406868852459017
28.0	1.5406868852459017
28.5	1.5406868852459017
29	1.7831448007774537
29.5	1.7831448007774537
30.0	1.7831448007774537
30.5	1.7831448007774537
31.0	1.7831448007774537
31.5	1.7831448007774537
32.0	1.7831448007774537
32.5	1.7831448007774537
33	1.3781199164286257
33.5	1.3677876489707477
34.0	1.3677876489707477
34.5	1.3677876489707477
35.0	1.3677876489707477
35.5	1.3677876489707477
36.0	1.3677876489707477
36.5	1.3677876489707477
37.0	1.3677876489707477
37.5	1.3677876489707477
38.0	1.3677876489707477
38.5	1.3677876489707477
39	1.2672523307351369
39.5	1.2672523307351369
40.0	1.2672523307351369
40.5	1.2672523307351369
41.0	1.2672523307351369
41.5	1.2672523307351369
42.0	1.2672523307351369
42.5	1.2672523307351369
43.0	1.2672523307351369
43.5	1.2672523307351369
44.0	1.2672523307351369
44.5	1.2672523307351369
45.0	1.2672523307351369
45.5	1.3870116058240134
46.0	1.3870116058240134
46.5	1.3870116058240134
47.0	1.3870116058240134
47.5	1.3870116058240134
48.0	1.3870116058240134
48.5	1.3870116058240134
49.0	1.3870116058240134
49.5	1.3870116058240134
50.0	1.3870116058240134
50.5	1.3261555036810917
51.0	1.3261555036810917
51.5	1.3261555036810917
52.0	1.3261555036810917
52.5	1.3261555036810917
53.0	1.3261555036810917
53.5	1.3261555036810917
54.0	1.3261555036810917
54.5	1.3261555036810917
55.0	1.3261555036810917
55.5	1.3261555036810917
56	1.2823067484662576
56.5	1.2823067484662576
57.0	1.2823067484662576
57.5	1.2823067484662576
58.0	1.2823067484662576
58.5	1.2823067484662576
59.0	1.2823067484662576
59.5	1.2823067484662576
60.0	1.2823067484662576
60.5	1.2823067484662576
61.0	1.2823067484662576
61.5	1.2823067484662576
62	2.151316943905475
62.5	2.160538740043447
63.0	2.160538740043447
63.5	2.2348860953676066
64	2.2408618784530385
64.5	2.2408618784530385
65	2.24616967669163
65.5	2.2463602882305844
66.0	2.2463602882305844
66.5	1.56346346216304
67.0	1.56346346216304
67.5	1.56346346216304
68.0	1.56346346216304
68.5	1.56346346216304
69.0	1.56346346216304
69.5	1.4612596956023207
70	1.4569776930409915
70.5	1.4569776930409915
71.0	1.4569776930409915
71.5	1.4569776930409915
72.0	1.4569776930409915
72.5	1.4569776930409915
73.0	1.4569776930409915
73.5	1.4569776930409915
74.0	1.4569776930409915
74.5	1.4569776930409915
75	1.8438590476190477
75.5	1.8438590476190477
76.0	1.8438590476190477
76.5	1.8438590476190477
77.0	1.8438590476190477
77.5	1.8438590476190477
78.0	1.8438590476190477
78.5	1.8438590476190477
79.0	1.8438590476190477
79.5	1.6994896719319563
80.0	1.6994896719319563
80.5	1.6994896719319563
81.0	1.6994896719319563
81.5	1.6994896719319563
82.0	1.6994896719319563
82.5	1.6994896719319563
83.0	1.6994896719319563
83.5	1.8562915987880677
84	1.8596448356199844
84.5	1.8596448356199844
85.0	1.8596448356199844
85.5	1.8596448356199844
86.0	1.8596448356199844
86.5	1.8596448356199844
87.0	1.8596448356199844
87.5	1.5745122746035194
88.0	1.5745122746035194
88.5	1.5745122746035194
89.0	1.5745122746035194
89.5	1.5745122746035194
90.0	1.5745122746035194
90.5	1.5745122746035194
91.0	1.5745122746035194
91.5	1.5745122746035194
92.0	1.5745122746035194
92.5	2.1239930949445127
93.0	2.1239930949445127
93.5	2.1239930949445127
94.0	2.1239930949445127
94.5	2.1239930949445127
95.0	2.1239930949445127
95.5	2.1239930949445127
96.0	2.1239930949445127
96.5	1.9074138364779873
97.0	1.9074138364779873
97.5	1.9074138364779873
98.0	1.9074138364779873
98.5	1.9074138364779873
99.0	1.9074138364779873
99.5	1.6542895992868976
100	1.6449765377298669
100.5	1.6449765377298669
101.0	1.6449765377298669
101.5	1.6449765377298669
102.0	1.6449765377298669
102.5	1.6449765377298669
103.0	1.6449765377298669
103.5	1.6449765377298669
104.0	1.6449765377298669
104.5	1.5547675761800437
105.0	1.5547675761800437
105.5	1.5547675761800437
106.0	1.5547675761800437
106.5	1.5547675761800437
107.0	1.5547675761800437
107.5	1.5547675761800437
108.0	1.5547675761800437
108.5	1.5547675761800437
109.0	1.5547675761800437
109.5	1.6939229090909091
110.0	1.6939229090909091
110.5	1.6939229090909091
111.0	1.6939229090909091
111.5	1.6939229090909091
112.0	1.6939229090909091
112.5	1.6939229090909091
113.0	1.6939229090909091
113.5	1.6939229090909091
114	2.1098712351478306
114.5	2.1098712351478306
115.0	2.1098712351478306
115.5	2.1098712351478306
116.0	2.1098712351478306
116.5	2.1098712351478306
117.0	2.1098712351478306
117.5	2.3115080166480273
118	2.326049934296978
118.5	2.326049934296978
119.0	2.326049934296978
119.5	2.326049934296978
120.0	2.326049934296978
120.5	2.326049934296978
121	1.977510881593508
121.5	1.977510881593508
122.0	1.977510881593508
122.5	1.977510881593508
123.0	1.977510881593508
123.5	1.5317126329539095
124.0	1.5317126329539095
124.5	1.5317126329539095
125.0	1.5317126329539095
125.5	1.5317126329539095
126.0	1.5317126329539095
126.5	1.5317126329539095
127.0	1.5317126329539095
127.5	1.5317126329539095
128.0	1.5317126329539095
128.5	1.5317126329539095
129	1.4717474176573766
129.5	1.4717474176573766
130.0	1.4717474176573766
130.5	1.4717474176573766
131.0	1.4717474176573766
131.5	1.4717474176573766
132.0	1.4717474176573766
132.5	1.4717474176573766
133.0	1.4717474176573766
133.5	1.4717474176573766
134.0	1.4717474176573766
134.5	1.1436940576583643
135.0	1.1436940576583643
135.5	1.1436940576583643
136.0	1.1436940576583643
136.5	1.1436940576583643
137.0	1.1436940576583643
137.5	1.1436940576583643
138.0	1.1436940576583643
138.5	1.1436940576583643
139.0	1.1436940576583643
139.5	1.9523390535621425
140.0	1.9523390535621425
140.5	1.9523390535621425
141.0	1.9523390535621425
141.5	1.9523390535621425
142.0	1.9523390535621425
142.5	1.9523390535621425
143.0	1.9523390535621425
143.5	1.8087384921622294
144.0	1.8087384921622294
144.5	1.8087384921622294
145.0	1.8087384921622294
145.5	1.8087384921622294
146.0	1.8087384921622294
146.5	1.8087384921622294
147.0	1.8087384921622294
147.5	1.5445261410788382
148.0	1.5445261410788382
148.5	1.5445261410788382
149.0	1.5445261410788382
149.5	1.5445261410788382
150.0	1.5445261410788382
150.5	1.5445261410788382
151.0	1.5445261410788382
151.5	1.5445261410788382
152.0	1.5445261410788382
152.5	1.5595708390646492
153.0	1.5595708390646492
153.5	1.5595708390646492
154.0	1.5595708390646492
154.5	1.5595708390646492
155.0	1.5595708390646492
155.5	1.637933972310969
156.0	1.637933972310969
156.5	1.637933972310969
157.0	1.637933972310969
157.5	1.738752336448598
158.0	1.738752336448598
158.5	1.738752336448598
159.0	1.738752336448598
159.5	1.8630435706695005
160.0	1.8630435706695005
160.5	1.8630435706695005
161.0	1.8630435706695005
161.5	2.215056210964608
162.0	2.215056210964608
162.5	2.215056210964608
163	1.4263819898329702
163.5	1.4263819898329702
164.0	1.4263819898329702
164.5	1.4263819898329702
165.0	1.4263819898329702
165.5	1.4263819898329702
166.0	1.4263819898329702
166.5	1.4263819898329702
167.0	1.4263819898329702
167.5	1.4263819898329702
168.0	1.4263819898329702
168.5	1.8486342141863699
169.0	1.8486342141863699
169.5	1.8486342141863699
170.0	1.8486342141863699
170.5	1.8486342141863699
171.0	1.8486342141863699
171.5	1.8486342141863699
172	1.500323509860403
172.5	1.500323509860403
173.0	1.500323509860403
173.5	1.500323509860403
174.0	1.500323509860403
174.5	1.500323509860403
175.0	1.500323509860403
175.5	1.500323509860403
176.0	1.500323509860403
176.5	1.7164374492889283
177	1.7195979899497489
177.5	1.7195979899497489
178.0	1.7195979899497489
178.5	1.7195979899497489
179.0	1.7195979899497489
