0	0.809353366722315
0.5	0.809353366722315
1.0	0.809353366722315
1.5	0.809353366722315
2	0.8156225425950197
2.5	0.8156225425950197
3.0	0.8156225425950197
3.5	0.8080718374357988
4	0.8072554112554112
4.5	0.8072554112554112
5.0	0.8072554112554112
5.5	0.8143130320890636
6.0	0.8143130320890636
6.5	0.8143130320890636
7	0.8036484326982175
7.5	0.8036484326982175
8.0	0.8036484326982175
8.5	0.8136501503532302
9	0.8141112006446414
9.5	0.8141112006446414
10	0.812158940397351
10.5	0.812158940397351
11.0	0.812158940397351
11.5	1.3575174459617387
12	1.3900222575516694
12.5	1.3900222575516694
13.0	1.3900222575516694
13.5	1.3900222575516694
14.0	1.3900222575516694
14.5	1.7561554697554698
15.0	1.7561554697554698
15.5	1.7561554697554698
16.0	1.7561554697554698
16.5	1.7561554697554698
17.0	1.7561554697554698
17.5	1.7561554697554698
18.0	1.7561554697554698
18.5	1.5130596026490066
19.0	1.5130596026490066
19.5	1.5130596026490066
20.0	1.5130596026490066
20.5	1.5130596026490066
21.0	1.5130596026490066
21.5	1.5130596026490066
22.0	1.5130596026490066
22.5	1.5130596026490066
23.0	1.5130596026490066
23.5	0.9844902448605474
24.0	0.9844902448605474
24.5	0.9844902448605474
25.0	0.9844902448605474
25.5	0.9844902448605474
26.0	0.9844902448605474
26.5	0.9844902448605474
27.0	0.9844902448605474
27.5	0.9844902448605474
28.0	0.9844902448605474
28.5	0.9844902448605474
29.0	0.9844902448605474
29.5	0.9844902448605474
30.0	0.9844902448605474
30.5	0.9844902448605474
31	0.8670317779090373
31.5	0.8670317779090373
32.0	0.8670317779090373
32.5	0.8670317779090373
33.0	0.8670317779090373
33.5	0.8670317779090373
34.0	0.8670317779090373
34.5	0.8670317779090373
35.0	0.8670317779090373
35.5	0.8670317779090373
36.0	0.8670317779090373
36.5	0.8670317779090373
37.0	0.8670317779090373
37.5	0.8670317779090373
38.0	0.8670317779090373
38.5	0.8670317779090373
39.0	0.8670317779090373
39.5	0.880580720015524
40	0.8807999999999999
40.5	0.8807999999999999
41.0	0.8807999999999999
41.5	0.8770780487804879
42.0	0.8770780487804879
42.5	0.8770780487804879
43	0.8856980237154151
43.5	0.8856980237154151
44.0	0.8856980237154151
44.5	0.8844956035171863
45.0	0.8844956035171863
45.5	0.8844956035171863
46	0.872362647325476
46.5	0.872362647325476
47.0	0.872362647325476
47.5	0.872362647325476
48.0	0.872362647325476
48.5	0.872362647325476
49.0	0.872362647325476
49.5	0.7782222222222221
50.0	0.7782222222222221
50.5	0.7782222222222221
51.0	0.7782222222222221
51.5	0.7782222222222221
52.0	0.7782222222222221
52.5	0.7782222222222221
53	2.3461294342607855
53.5	2.4160595681310495
54.0	2.4160595681310495
54.5	2.4160595681310495
55	2.613168316831683
55.5	2.613168316831683
56.0	2.613168316831683
56.5	2.613168316831683
57.0	2.613168316831683
57.5	2.2344330861797905
58	2.2234513715710724
58.5	2.2234513715710724
59.0	2.2234513715710724
59.5	2.2234513715710724
60.0	2.2234513715710724
60.5	2.2234513715710724
61	1.6451771797631862
61.5	1.6451771797631862
62.0	1.6451771797631862
62.5	1.6451771797631862
63.0	1.6451771797631862
63.5	1.6451771797631862
64.0	1.6451771797631862
64.5	1.6451771797631862
65.0	1.6451771797631862
65.5	1.9449881234311768
66	1.9496998992950656
66.5	1.9496998992950656
67.0	1.9496998992950656
67.5	1.9496998992950656
68.0	1.9496998992950656
68.5	1.9496998992950656
69.0	1.9496998992950656
69.5	1.9496998992950656
70	1.2984404010397328
70.5	1.2984404010397328
71.0	1.2984404010397328
71.5	1.2984404010397328
72.0	1.2984404010397328
72.5	1.2984404010397328
73.0	1.2984404010397328
73.5	1.2984404010397328
74.0	1.2984404010397328
74.5	1.2984404010397328
75.0	1.2984404010397328
75.5	1.5060394129979036
76.0	1.5060394129979036
76.5	1.5060394129979036
77.0	1.5060394129979036
77.5	1.5060394129979036
78.0	1.5060394129979036
78.5	1.5060394129979036
79.0	1.5060394129979036
79.5	1.5060394129979036
80	1.2891068174280895
80.5	1.2827398230088496
81.0	1.2827398230088496
81.5	1.2827398230088496
82.0	1.2827398230088496
82.5	1.2827398230088496
83.0	1.2827398230088496
83.5	1.2827398230088496
84.0	1.2827398230088496
84.5	1.2827398230088496
85.0	1.2827398230088496
85.5	1.2827398230088496
86	1.0584726557699398
86.5	1.0584726557699398
87.0	1.0584726557699398
87.5	1.0584726557699398
88.0	1.0584726557699398
88.5	1.0584726557699398
89.0	1.0584726557699398
89.5	1.0584726557699398
90.0	1.0584726557699398
90.5	1.0584726557699398
91.0	1.0584726557699398
91.5	1.0584726557699398
92.0	1.0584726557699398
92.5	1.0584726557699398
93.0	1.0584726557699398
93.5	1.0584726557699398
94	0.7252555525844843
94.5	0.7146902321197125
95.0	0.7146902321197125
95.5	0.7146902321197125
96.0	0.7146902321197125
96.5	0.7146902321197125
97.0	0.7146902321197125
97.5	0.7146902321197125
98.0	0.7146902321197125
98.5	0.7146902321197125
99.0	0.7146902321197125
99.5	0.7146902321197125
100.0	0.7146902321197125
100.5	0.7146902321197125
101.0	0.7146902321197125
101.5	0.7146902321197125
102.0	0.7146902321197125
102.5	0.7146902321197125
103	0.9754805715718226
103.5	0.9754805715718226
104.0	0.9754805715718226
104.5	0.9754805715718226
105.0	0.9754805715718226
105.5	0.9754805715718226
106.0	0.9754805715718226
106.5	0.9754805715718226
107.0	0.9754805715718226
107.5	0.9754805715718226
108.0	0.9754805715718226
108.5	0.9754805715718226
109.0	0.9754805715718226
109.5	0.9754805715718226
110.0	0.9754805715718226
110.5	0.9754805715718226
111	1.0152294043092522
111.5	1.0152294043092522
112.0	1.0152294043092522
112.5	1.0152294043092522
113.0	1.0152294043092522
113.5	1.0152294043092522
114.0	1.0152294043092522
114.5	1.0428471615720523
115.0	1.0428471615720523
115.5	1.0428471615720523
116.0	1.0428471615720523
116.5	1.0428471615720523
117	1.0421426729797656
117.5	1.0421042183622828
118.0	1.0421042183622828
118.5	1.0421528707291299
119.0	1.0421528707291299
119.5	1.0421528707291299
120.0	1.0421528707291299
120.5	1.0421528707291299
121.0	1.0421528707291299
121.5	1.1038422459893047
122.0	1.1038422459893047
122.5	1.1038422459893047
123.0	1.1038422459893047
123.5	1.1038422459893047
124.0	1.1038422459893047
124.5	1.101133836650652
125.0	1.101133836650652
125.5	1.101133836650652
126.0	1.101133836650652
126.5	1.101133836650652
127.0	1.101133836650652
127.5	0.9879228948258371
128.0	0.9879228948258371
128.5	0.9879228948258371
129.0	0.9879228948258371
129.5	0.9879228948258371
130.0	0.9879228948258371
130.5	0.8766590010817804
131	0.8709772804340454
131.5	0.8709772804340454
132.0	0.8709772804340454
132.5	0.8709772804340454
133.0	0.8709772804340454
133.5	0.8705073173613821
134	0.8704544086668673
134.5	0.8704544086668673
135.0	0.8704544086668673
135.5	0.8704544086668673
136.0	0.8704544086668673
136.5	0.8704544086668673
137.0	0.8704544086668673
137.5	1.0507834634287367
138.0	1.0507834634287367
138.5	1.0507834634287367
139.0	1.0507834634287367
139.5	1.0507834634287367
140.0	1.0507834634287367
140.5	1.0507834634287367
141.0	1.0507834634287367
141.5	1.0507834634287367
142.0	1.0507834634287367
142.5	1.0507834634287367
143.0	1.0507834634287367
143.5	1.0507834634287367
144.0	1.0507834634287367
144.5	1.1339856816450877
145.0	1.1339856816450877
145.5	1.1339856816450877
146.0	1.1339856816450877
146.5	1.1339856816450877
147.0	1.1339856816450877
147.5	1.1339856816450877
148.0	1.1339856816450877
148.5	1.1339856816450877
149.0	1.1339856816450877
149.5	1.1339856816450877
150.0	1.1339856816450877
150.5	1.1339856816450877
151	1.1589635220125785
151.5	1.1589635220125785
152.0	1.1589635220125785
152.5	1.1589635220125785
153.0	1.1589635220125785
153.5	1.1486333084391338
154.0	1.1486333084391338
154.5	1.1486333084391338
155.0	1.1486333084391338
155.5	1.1486333084391338
156.0	1.1486333084391338
156.5	1.1783347182981552
157.0	1.1783347182981552
157.5	1.1783347182981552
158.0	1.1783347182981552
158.5	1.1783347182981552
159.0	1.1783347182981552
159.5	1.1783347182981552
160.0	1.1783347182981552
160.5	1.1783347182981552
161.0	1.1783347182981552
161.5	1.1783347182981552
162.0	1.1783347182981552
162.5	1.2547143317230274
163.0	1.2547143317230274
163.5	1.2547143317230274
164.0	1.2547143317230274
164.5	1.2547143317230274
165.0	1.2547143317230274
165.5	1.2547143317230274
166.0	1.2547143317230274
166.5	1.2547143317230274
167.0	1.2547143317230274
167.5	1.2547143317230274
168.0	1.2547143317230274
168.5	1.2547143317230274
169	1.0867878787878789
169.5	1.0867878787878789
170.0	1.0867878787878789
170.5	1.0867878787878789
171.0	1.0867878787878789
171.5	1.0867878787878789
172	1.0901148788927335
172.5	1.0901148788927335
173.0	1.0901148788927335
173.5	1.0901148788927335
174.0	1.0901148788927335
174.5	1.0901148788927335
175	1.4085224071702944
175.5	1.5895737336918814
176	1.6139148211243612
176.5	1.6186814229249011
177.0	1.6186814229249011
