0	1.4272894995093228
0.5	1.4272894995093228
1.0	1.4272894995093228
1.5	1.4422247972190034
2	1.43708251501382
2.5	1.4362721437740693
3	1.438796347621966
3.5	1.4391851851851851
4	2.205125351780156
4.5	2.326576512455516
5	3.4720871934604904
5.5	3.362286050977932
6	3.353759259259259
6.5	3.353759259259259
7.0	3.353759259259259
7.5	3.353759259259259
8	3.5057421487603304
8.5	3.5057421487603304
9.0	3.5057421487603304
9.5	3.5057421487603304
10.0	3.5057421487603304
10.5	2.4023464788732394
11.0	2.4023464788732394
11.5	2.4023464788732394
12.0	2.4023464788732394
12.5	2.4023464788732394
13.0	2.4023464788732394
13.5	1.7271684384597212
14.0	1.7271684384597212
14.5	1.7271684384597212
15.0	1.7271684384597212
15.5	1.7271684384597212
16.0	1.7271684384597212
16.5	1.7271684384597212
17.0	1.7271684384597212
17.5	2.792924219910847
18.0	2.792924219910847
18.5	2.792924219910847
19.0	2.792924219910847
19.5	2.792924219910847
20.0	2.792924219910847
20.5	2.528220461591457
21.0	2.528220461591457
21.5	2.528220461591457
22.0	2.528220461591457
22.5	2.528220461591457
23.0	2.528220461591457
23.5	4.511499702203692
24.0	4.511499702203692
24.5	4.511499702203692
25	4.593521698792879
25.5	4.599041940373926
26.0	4.599041940373926
26.5	4.599041940373926
27.0	4.599041940373926
27.5	4.599041940373926
28.0	4.599041940373926
28.5	4.599041940373926
29	4.230439068996127
29.5	4.226341412012644
30.0	4.226341412012644
30.5	4.226341412012644
31.0	4.226341412012644
31.5	4.226341412012644
32.0	4.226341412012644
32.5	4.226341412012644
33	2.388661950339853
33.5	2.388661950339853
34.0	2.388661950339853
34.5	2.388661950339853
35.0	2.388661950339853
35.5	2.388661950339853
36.0	2.388661950339853
36.5	2.388661950339853
37.0	2.388661950339853
37.5	2.388661950339853
38.0	2.388661950339853
38.5	2.388661950339853
39.0	2.388661950339853
39.5	2.388661950339853
40.0	2.388661950339853
40.5	2.840364707706621
41.0	2.840364707706621
41.5	2.840364707706621
42.0	2.840364707706621
42.5	2.840364707706621
43.0	2.840364707706621
43.5	2.840364707706621
44.0	2.840364707706621
44.5	2.840364707706621
45.0	2.840364707706621
45.5	2.840364707706621
46.0	2.840364707706621
46.5	2.840364707706621
47	2.829485832045337
47.5	2.829485832045337
48.0	2.829485832045337
48.5	2.829485832045337
49.0	2.829485832045337
49.5	2.829485832045337
50.0	2.829485832045337
50.5	2.829485832045337
51.0	2.829485832045337
51.5	2.829485832045337
52.0	2.829485832045337
52.5	2.829485832045337
53	2.7357265167847244
53.5	2.7357265167847244
54.0	2.7357265167847244
54.5	2.7357265167847244
55.0	2.7357265167847244
55.5	2.7357265167847244
56.0	2.7357265167847244
56.5	2.7357265167847244
57.0	2.7357265167847244
57.5	2.7357265167847244
58.0	2.7357265167847244
58.5	2.7357265167847244
59.0	2.7357265167847244
59.5	2.527663639027249
60.0	2.527663639027249
60.5	2.527663639027249
61.0	2.527663639027249
61.5	2.527663639027249
62.0	2.527663639027249
62.5	2.527663639027249
63.0	2.527663639027249
63.5	2.527663639027249
64.0	2.527663639027249
64.5	2.527663639027249
65.0	2.527663639027249
65.5	2.527663639027249
66.0	2.527663639027249
66.5	2.0724135128270254
67.0	2.0724135128270254
67.5	2.0724135128270254
68.0	2.0724135128270254
68.5	2.0724135128270254
69.0	2.0724135128270254
69.5	2.0724135128270254
70.0	2.0724135128270254
70.5	2.0724135128270254
71.0	2.0724135128270254
71.5	2.0724135128270254
72.0	2.0724135128270254
72.5	2.0724135128270254
73.0	2.0724135128270254
73.5	2.0724135128270254
74	4.809949534621511
74.5	4.848888324873096
75.0	4.848888324873096
75.5	4.848888324873096
76	4.756884520884521
76.5	4.756884520884521
77.0	4.756884520884521
77.5	3.4556501726988875
78	3.396503156872268
78.5	3.396503156872268
79.0	3.396503156872268
79.5	3.396503156872268
80	3.2907961520842877
80.5	3.2907961520842877
81.0	3.2907961520842877
81.5	3.2907961520842877
82	2.9141455568958587
82.5	2.9141455568958587
83.0	2.9141455568958587
83.5	2.9141455568958587
84.0	2.9141455568958587
84.5	4.381053286331016
85	4.4441651186790505
85.5	4.4441651186790505
86.0	4.4441651186790505
86.5	3.2457827324012216
87	3.209299470899471
87.5	3.209299470899471
88.0	3.209299470899471
88.5	3.924192541131991
89	3.9665565749235476
89.5	3.9665565749235476
90.0	3.9665565749235476
90.5	3.8998336216777387
91	3.8984733168205357
91.5	3.8984733168205357
92.0	3.8984733168205357
92.5	3.8984733168205357
93.0	3.8984733168205357
93.5	3.8984733168205357
94.0	3.8984733168205357
94.5	3.8984733168205357
95	3.512041656496641
95.5	3.5066467537855215
96.0	3.5066467537855215
96.5	3.5066467537855215
97.0	3.5066467537855215
97.5	3.5066467537855215
98.0	3.5066467537855215
98.5	3.5066467537855215
99.0	3.5066467537855215
99.5	3.5066467537855215
100	3.34361081922553
100.5	3.34361081922553
101.0	3.34361081922553
101.5	3.34361081922553
102.0	3.34361081922553
102.5	3.34361081922553
103.0	3.34361081922553
103.5	3.34361081922553
104.0	3.34361081922553
104.5	3.34361081922553
105.0	3.34361081922553
105.5	2.396580803937654
106.0	2.396580803937654
106.5	2.396580803937654
107.0	2.396580803937654
107.5	2.396580803937654
108.0	2.396580803937654
108.5	2.396580803937654
109.0	2.396580803937654
109.5	2.396580803937654
110.0	2.396580803937654
110.5	2.396580803937654
111.0	2.396580803937654
111.5	2.396580803937654
112.0	2.396580803937654
112.5	1.8786285242794378
113	1.8719009516013507
113.5	1.8719009516013507
114.0	1.8719009516013507
114.5	1.8719009516013507
115.0	1.8719009516013507
115.5	1.8719009516013507
116.0	1.8719009516013507
116.5	1.8719009516013507
117.0	1.8719009516013507
117.5	1.8719009516013507
118.0	1.8719009516013507
118.5	1.8719009516013507
119.0	1.8719009516013507
119.5	1.8719009516013507
120.0	1.8719009516013507
120.5	1.8719009516013507
121.0	1.8719009516013507
121.5	1.8719009516013507
122.0	1.8719009516013507
122.5	2.628385526737112
123.0	2.628385526737112
123.5	2.628385526737112
124.0	2.628385526737112
124.5	2.628385526737112
125.0	2.628385526737112
125.5	2.628385526737112
126	1.932327533265097
126.5	1.932327533265097
127.0	1.932327533265097
127.5	1.932327533265097
128.0	1.932327533265097
128.5	1.932327533265097
129.0	1.932327533265097
129.5	1.932327533265097
130	2.0701796237131704
130.5	2.0701796237131704
131.0	2.0701796237131704
131.5	2.0701796237131704
132.0	2.0701796237131704
132.5	1.9474469331856439
133	1.9427415265200518
133.5	1.9427415265200518
134.0	1.9427415265200518
134.5	1.9427415265200518
135.0	1.9427415265200518
135.5	1.9427415265200518
136.0	1.9427415265200518
136.5	2.18998802231397
137	2.1968328800241768
137.5	2.1968328800241768
138.0	2.1968328800241768
138.5	2.1968328800241768
139.0	2.1968328800241768
139.5	2.1968328800241768
140	2.1380287191269387
140.5	2.1380287191269387
141.0	2.1380287191269387
141.5	2.1380287191269387
142.0	2.1380287191269387
142.5	2.1380287191269387
143.0	2.1380287191269387
143.5	2.897244227418064
144	2.923627075351213
144.5	2.923627075351213
145.0	2.923627075351213
145.5	2.923627075351213
146	3.3675728952772075
146.5	3.3675728952772075
147.0	3.3675728952772075
147.5	3.3675728952772075
148.0	3.3675728952772075
148.5	3.0615972734958548
149	3.029931623931624
149.5	3.029931623931624
150.0	3.029931623931624
150.5	3.029931623931624
151	2.567863350323322
151.5	2.5538433300557193
152.0	2.5538433300557193
152.5	2.5538433300557193
153.0	2.5538433300557193
153.5	2.5538433300557193
154.0	2.5538433300557193
154.5	2.2724976303317534
155.0	2.2724976303317534
155.5	2.2724976303317534
156.0	2.2724976303317534
156.5	2.2724976303317534
157.0	2.2724976303317534
157.5	2.450910782662063
158	2.4574638723803566
158.5	2.4574638723803566
159.0	2.4574638723803566
159.5	2.4574638723803566
160.0	2.4574638723803566
160.5	2.4574638723803566
161	3.149687203791469
161.5	3.149687203791469
162.0	3.149687203791469
162.5	3.149687203791469
163.0	3.149687203791469
163.5	2.2324299373557532
164.0	2.2324299373557532
164.5	2.2324299373557532
165.0	2.2324299373557532
165.5	2.2324299373557532
166.0	2.2324299373557532
166.5	2.1292444444444447
167.0	2.1292444444444447
167.5	2.1292444444444447
168.0	2.1292444444444447
