0	0.9663840531561462
0.5	0.9663840531561462
1.0	0.9663840531561462
1.5	0.9663840531561462
2	0.9731352619233776
2.5	0.9731352619233776
3	0.9721716742937493
3.5	0.9720729800173762
4.0	0.9720729800173762
4.5	0.9377496229260934
5.0	0.9377496229260934
5.5	0.9377496229260934
6	0.8793113651647613
6.5	0.8793113651647613
7.0	0.8793113651647613
7.5	0.8260932134096485
8.0	0.8260932134096485
8.5	0.8260932134096485
9	0.8192117568470273
9.5	0.8192117568470273
10.0	0.8192117568470273
10.5	0.8506373088685015
11.0	0.8506373088685015
11.5	0.8506373088685015
12	0.8820808399817375
12.5	0.8856002076843198
13.0	0.8856002076843198
13.5	0.8856002076843198
14.0	0.8856002076843198
14.5	0.8856002076843198
15.0	0.8856002076843198
15.5	0.8856002076843198
16.0	0.8856002076843198
16.5	0.8856002076843198
17.0	0.8856002076843198
17.5	0.8856002076843198
18.0	0.8856002076843198
18.5	0.8856002076843198
19.0	0.8856002076843198
19.5	0.8856002076843198
20	0.4938266801756163
20.5	0.4938266801756163
21.0	0.4938266801756163
21.5	0.4938266801756163
22.0	0.4938266801756163
22.5	0.4938266801756163
23.0	0.4938266801756163
23.5	0.4938266801756163
24.0	0.4938266801756163
24.5	0.4938266801756163
25.0	0.4938266801756163
25.5	0.4938266801756163
26.0	0.4938266801756163
26.5	0.4938266801756163
27.0	0.4938266801756163
27.5	0.4938266801756163
28.0	0.4938266801756163
28.5	0.4938266801756163
29.0	0.4938266801756163
29.5	0.4938266801756163
30.0	0.4938266801756163
30.5	0.4938266801756163
31.0	0.4938266801756163
31.5	0.4938266801756163
32.0	0.4938266801756163
32.5	0.4938266801756163
33.0	0.4938266801756163
33.5	0.4938266801756163
34.0	0.4938266801756163
34.5	0.4938266801756163
35	0.41172714078374456
35.5	0.41172714078374456
36.0	0.41172714078374456
36.5	0.41172714078374456
37.0	0.41172714078374456
37.5	0.41172714078374456
38	0.3181823739174732
38.5	0.3181823739174732
39.0	0.3181823739174732
39.5	0.3181823739174732
40.0	0.3181823739174732
40.5	0.3181823739174732
41.0	0.3181823739174732
41.5	0.3181823739174732
42	0.3181531167375973
42.5	0.31815141019297377
43.0	0.31815141019297377
43.5	0.31815141019297377
44.0	0.31815141019297377
44.5	0.31815141019297377
45.0	0.31815141019297377
45.5	0.31815141019297377
46.0	0.31815141019297377
46.5	0.46206488917442984
47.0	0.46206488917442984
47.5	0.46206488917442984
48.0	0.46206488917442984
48.5	0.46206488917442984
49.0	0.46206488917442984
49.5	0.6328874093875456
50	0.6380455580865604
50.5	0.6380455580865604
51.0	0.6380455580865604
51.5	0.6272698412698413
52.0	0.6272698412698413
52.5	0.6272698412698413
53.0	0.6272698412698413
53.5	0.5975259780583729
54.0	0.5975259780583729
54.5	0.5975259780583729
55.0	0.5975259780583729
55.5	0.5975259780583729
56.0	0.5975259780583729
56.5	0.5975259780583729
57.0	0.5975259780583729
57.5	0.5975259780583729
58.0	0.5975259780583729
58.5	0.3689308022045315
59.0	0.3689308022045315
59.5	0.3689308022045315
60.0	0.3689308022045315
60.5	0.3689308022045315
61.0	0.3689308022045315
61.5	0.3689308022045315
62	0.3670102635228849
62.5	0.3670102635228849
63.0	0.3670102635228849
63.5	0.3670102635228849
64.0	0.3670102635228849
64.5	0.3670102635228849
65.0	0.3670102635228849
65.5	0.3670102635228849
66	0.437348855258052
66.5	0.437348855258052
67.0	0.437348855258052
67.5	0.437348855258052
68.0	0.437348855258052
68.5	0.5035062375644004
69	0.5125428687525395
69.5	0.5125428687525395
70.0	0.5125428687525395
70.5	0.5125428687525395
71.0	0.5125428687525395
71.5	0.5388373879641486
72.0	0.5388373879641486
72.5	0.5388373879641486
73.0	0.5388373879641486
73.5	0.5388373879641486
74	0.6125249883232136
74.5	0.6125249883232136
75.0	0.6125249883232136
75.5	0.6125249883232136
76	0.6214481204113128
76.5	0.6221649717514124
77.0	0.6221649717514124
77.5	0.6221649717514124
78	0.6408471615720525
78.5	0.6408471615720525
79.0	0.6408471615720525
79.5	0.6408471615720525
80	0.8390229219726789
80.5	0.8390229219726789
81.0	0.8390229219726789
81.5	0.8390229219726789
82.0	0.8390229219726789
82.5	0.8390229219726789
83.0	0.8390229219726789
83.5	0.8390229219726789
84.0	0.8390229219726789
84.5	0.8390229219726789
85.0	0.8390229219726789
85.5	0.8390229219726789
86.0	0.8390229219726789
86.5	0.8390229219726789
87.0	0.8390229219726789
87.5	0.8390229219726789
88.0	0.8390229219726789
88.5	0.8390229219726789
89	0.8151421540791217
89.5	0.8151421540791217
90.0	0.8151421540791217
90.5	0.8151421540791217
91.0	0.8151421540791217
91.5	0.8151421540791217
92.0	0.8151421540791217
92.5	0.8151421540791217
93.0	0.8151421540791217
93.5	0.8151421540791217
94.0	0.8151421540791217
94.5	0.8151421540791217
95.0	0.8151421540791217
95.5	0.8151421540791217
96.0	0.8151421540791217
96.5	0.8151421540791217
97.0	0.8151421540791217
97.5	0.8151421540791217
98.0	0.8151421540791217
98.5	0.8151421540791217
99.0	0.8151421540791217
99.5	0.8150687442713107
100.0	0.8150687442713107
100.5	0.8150687442713107
101	0.806854891661195
101.5	0.806854891661195
102.0	0.806854891661195
102.5	0.8143661202185792
103.0	0.8143661202185792
103.5	0.8143661202185792
104	0.8108010491329182
104.5	0.8104041184041184
105.0	0.8104041184041184
105.5	0.8104041184041184
106	0.8012449337002752
106.5	0.8012449337002752
107.0	0.8012449337002752
107.5	0.8012449337002752
108.0	0.8012449337002752
108.5	0.8012449337002752
109.0	0.8012449337002752
109.5	0.8012449337002752
110	0.6127646906101255
110.5	0.6127646906101255
111.0	0.6127646906101255
111.5	0.6127646906101255
112.0	0.6127646906101255
112.5	0.6127646906101255
113.0	0.6127646906101255
113.5	0.6127646906101255
114.0	0.6127646906101255
114.5	0.6127646906101255
115.0	0.6127646906101255
115.5	0.6127646906101255
116.0	0.6127646906101255
116.5	0.6127646906101255
117.0	0.6127646906101255
117.5	0.6127646906101255
118.0	0.6127646906101255
118.5	0.6127646906101255
119.0	0.6127646906101255
119.5	0.6127646906101255
120.0	0.6127646906101255
120.5	0.6127646906101255
121.0	0.6127646906101255
121.5	0.5989141275524396
122	0.5986959706959707
122.5	0.5986959706959707
123.0	0.5986959706959707
123.5	0.5986959706959707
124	0.6697591036414566
124.5	0.6697591036414566
125.0	0.6697591036414566
125.5	0.6697591036414566
126.0	0.6697591036414566
126.5	0.7642246117084827
127.0	0.7642246117084827
127.5	0.7642246117084827
128	0.7657309090909091
128.5	0.7657309090909091
129.0	0.7657309090909091
129.5	0.6663257313982954
130.0	0.6663257313982954
130.5	0.6663257313982954
131.0	0.6663257313982954
131.5	0.6663257313982954
132.0	0.6663257313982954
132.5	0.6663257313982954
133.0	0.6663257313982954
133.5	0.6663257313982954
134	0.6952942798070296
134.5	0.6952942798070296
135.0	0.6952942798070296
135.5	0.6952942798070296
136.0	0.6952942798070296
136.5	0.6952942798070296
137.0	0.6952942798070296
137.5	0.6952942798070296
138.0	0.6952942798070296
138.5	0.7322869571150032
139	0.734878909005408
139.5	0.734878909005408
140.0	0.734878909005408
140.5	0.734878909005408
141.0	0.734878909005408
141.5	0.734878909005408
142.0	0.734878909005408
142.5	0.734878909005408
143	0.8307807290712586
143.5	0.8307807290712586
144.0	0.8307807290712586
144.5	0.8307807290712586
145.0	0.8307807290712586
145.5	0.8307807290712586
146.0	0.8307807290712586
146.5	0.8307807290712586
147.0	0.8307807290712586
147.5	0.8307807290712586
148.0	0.8307807290712586
148.5	0.6964254836028336
149	0.6937428087986464
149.5	0.6937428087986464
150.0	0.6937428087986464
150.5	0.6937428087986464
151.0	0.6937428087986464
151.5	0.6937428087986464
152.0	0.6937428087986464
152.5	0.6937428087986464
153.0	0.6937428087986464
153.5	0.6937428087986464
154.0	0.6937428087986464
154.5	0.6937428087986464
155.0	0.6937428087986464
155.5	0.6937428087986464
156.0	0.6937428087986464
156.5	0.6937428087986464
157.0	0.6937428087986464
157.5	0.6937428087986464
158.0	0.6937428087986464
158.5	0.6937428087986464
159.0	0.6937428087986464
159.5	0.6937428087986464
160.0	0.6937428087986464
160.5	0.818661028893587
161.0	0.818661028893587
161.5	0.818661028893587
162	0.9183850766155895
162.5	0.9183850766155895
163.0	0.9183850766155895
163.5	1.3307523978420914
164	1.3483350151362261
164.5	1.3483350151362261
165	1.3394693877551018
165.5	1.3394693877551018
166.0	1.3394693877551018
166.5	1.3394693877551018
167	1.3744242426377549
167.5	1.3765197505197504
168.0	1.3765197505197504
168.5	1.3765197505197504
169.0	1.3765197505197504
169.5	0.918843805129597
170.0	0.918843805129597
170.5	0.918843805129597
171.0	0.918843805129597
171.5	0.918843805129597
172.0	0.918843805129597
172.5	0.918843805129597
173.0	0.918843805129597
173.5	0.918843805129597
174.0	0.918843805129597
174.5	0.918843805129597
175.0	0.918843805129597
175.5	0.918843805129597
176.0	0.918843805129597
176.5	0.918843805129597
177	0.6248597887048389
177.5	0.6248597887048389
178.0	0.6248597887048389
178.5	0.6248597887048389
179.0	0.6248597887048389
179.5	0.6248597887048389
180.0	0.6248597887048389
180.5	0.6248597887048389
181.0	0.6248597887048389
181.5	0.6248597887048389
182.0	0.6248597887048389
182.5	0.6248597887048389
183.0	0.6248597887048389
183.5	0.6248597887048389
184.0	0.6248597887048389
