0	1.1335993764614185
0.5	1.1335993764614185
1.0	1.1335993764614185
1.5	1.1450229990800367
2.0	1.1450229990800367
2.5	1.1450229990800367
3	1.1440245398773006
3.5	1.1440245398773006
4	1.1418328741965107
4.5	1.1418328741965107
5	1.1340294882914137
5.5	1.1340294882914137
6.0	1.1340294882914137
6.5	1.1454784580498865
7.0	1.1454784580498865
7.5	1.1257525937749402
8.0	1.1257525937749402
8.5	1.1257525937749402
9.0	1.1257525937749402
9.5	1.1257525937749402
10	1.1185096901779827
10.5	1.1185096901779827
11.0	1.1185096901779827
11.5	1.1185096901779827
12.0	1.1185096901779827
12.5	1.1185096901779827
13.0	1.1185096901779827
13.5	1.1185096901779827
14.0	1.1185096901779827
14.5	1.1185096901779827
15.0	1.1185096901779827
15.5	1.1185096901779827
16.0	1.1185096901779827
16.5	1.1185096901779827
17.0	1.1185096901779827
17.5	1.1201001307841427
18	1.1201221474306353
18.5	1.1201221474306353
19.0	1.1201221474306353
19.5	1.1201221474306353
20.0	1.1201221474306353
20.5	1.1201221474306353
21.0	1.1201221474306353
21.5	1.1201221474306353
22.0	1.1201221474306353
22.5	1.1201221474306353
23.0	1.1201221474306353
23.5	1.1201221474306353
24	1.1535348690438625
24.5	1.1535348690438625
25.0	1.1535348690438625
25.5	1.1535348690438625
26.0	1.1535348690438625
26.5	1.1535348690438625
27.0	1.1535348690438625
27.5	1.1535348690438625
28.0	1.1535348690438625
28.5	1.1535348690438625
29.0	1.1535348690438625
29.5	1.1535348690438625
30.0	1.1535348690438625
30.5	1.310765690376569
31.0	1.310765690376569
31.5	1.310765690376569
32.0	1.310765690376569
32.5	1.310765690376569
33.0	1.310765690376569
33.5	1.310765690376569
34.0	1.310765690376569
34.5	1.310765690376569
35.0	1.310765690376569
35.5	1.310765690376569
36	1.203381537957042
36.5	1.203381537957042
37.0	1.203381537957042
37.5	1.203381537957042
38.0	1.203381537957042
38.5	1.203381537957042
39.0	1.203381537957042
39.5	1.203381537957042
40.0	1.203381537957042
40.5	1.203381537957042
41.0	1.203381537957042
41.5	1.203381537957042
42.0	1.203381537957042
42.5	1.1669401088929219
43.0	1.1669401088929219
43.5	1.1713420195439739
44.0	1.1713420195439739
44.5	1.1713420195439739
45	1.1662941176470587
45.5	1.1662941176470587
46.0	1.1662941176470587
46.5	1.1662941176470587
47.0	1.1662941176470587
47.5	1.2227512520868113
48.0	1.2227512520868113
48.5	1.2227512520868113
49.0	1.2227512520868113
49.5	1.2227512520868113
50	1.2241933842239185
50.5	1.2241933842239185
51.0	1.2241933842239185
51.5	1.2241933842239185
52.0	1.2241933842239185
52.5	1.2238326497128793
53.0	1.2238326497128793
53.5	1.2238326497128793
54.0	1.2238326497128793
54.5	1.2238326497128793
55	1.2065451213925789
55.5	1.2065451213925789
56.0	1.2065451213925789
56.5	1.2065451213925789
57.0	1.2065451213925789
57.5	1.2065451213925789
58.0	1.2065451213925789
58.5	1.2065451213925789
59.0	1.2065451213925789
59.5	1.2065451213925789
60.0	1.2065451213925789
60.5	1.2065451213925789
61.0	1.2065451213925789
61.5	1.2030017906560313
62.0	1.2030017906560313
62.5	1.2030017906560313
63.0	1.2030017906560313
63.5	1.2030017906560313
64.0	1.2030017906560313
64.5	1.2030017906560313
65.0	1.2030017906560313
65.5	1.2030017906560313
66.0	1.2030017906560313
66.5	1.2030017906560313
67.0	1.2030017906560313
67.5	1.204047019903924
68	1.204056718433491
68.5	1.204056718433491
69.0	1.204056718433491
69.5	1.204056718433491
70.0	1.204056718433491
70.5	1.204056718433491
71.0	1.204056718433491
71.5	1.204056718433491
72.0	1.204056718433491
72.5	1.204056718433491
73.0	1.204056718433491
73.5	1.1237035049926158
74	1.122645511972969
74.5	1.122645511972969
75.0	1.122645511972969
75.5	1.122645511972969
76.0	1.122645511972969
76.5	1.122645511972969
77.0	1.122645511972969
77.5	1.122645511972969
78.0	1.122645511972969
78.5	1.122645511972969
79.0	1.122645511972969
79.5	1.122645511972969
80.0	1.122645511972969
80.5	1.1160987234042552
81.0	1.1160987234042552
81.5	1.1160987234042552
82	1.12600408997955
82.5	1.12600408997955
83	1.2651206896551723
83.5	1.2651206896551723
84	1.3548617305976807
84.5	1.3548617305976807
85.0	1.3548617305976807
85.5	1.3548617305976807
86.0	1.3548617305976807
86.5	1.3500784780023782
87.0	1.3500784780023782
87.5	1.3500784780023782
88.0	1.3500784780023782
88.5	1.3500784780023782
89	1.1968382004735594
89.5	1.1968382004735594
90.0	1.1968382004735594
90.5	1.1968382004735594
91.0	1.1968382004735594
91.5	1.1968382004735594
92.0	1.1968382004735594
92.5	1.1968382004735594
93.0	1.1968382004735594
93.5	1.1968382004735594
94	1.1856160877513713
94.5	1.1856160877513713
95.0	1.1856160877513713
95.5	1.1856160877513713
96.0	1.1856160877513713
96.5	1.1856160877513713
97.0	1.1856160877513713
97.5	1.1856160877513713
98.0	1.1856160877513713
98.5	1.1856160877513713
99.0	1.1856160877513713
99.5	1.1856160877513713
100.0	1.1856160877513713
100.5	1.1856160877513713
101	1.1921942577886377
101.5	1.1921942577886377
102.0	1.1921942577886377
102.5	1.1921942577886377
103.0	1.1921942577886377
103.5	1.1921942577886377
104.0	1.1921942577886377
104.5	1.1921942577886377
105.0	1.1921942577886377
105.5	1.1921942577886377
106.0	1.1921942577886377
106.5	1.1921942577886377
107.0	1.1921942577886377
107.5	1.1923945392491466
108.0	1.1923945392491466
108.5	1.1923945392491466
109.0	1.1923945392491466
109.5	1.1923945392491466
110.0	1.1923945392491466
110.5	1.1923945392491466
111.0	1.1923945392491466
111.5	1.1923945392491466
112.0	1.1923945392491466
112.5	1.1923945392491466
113.0	1.1923945392491466
113.5	1.1979328522121118
114.0	1.1979328522121118
114.5	1.1979328522121118
115.0	1.1979328522121118
115.5	1.1979328522121118
116.0	1.1979328522121118
116.5	1.1979328522121118
117.0	1.1979328522121118
117.5	1.1979328522121118
118.0	1.1979328522121118
118.5	1.1979328522121118
119.0	1.1979328522121118
119.5	1.1979328522121118
120	1.2149100892244338
120.5	1.2149100892244338
121.0	1.2149100892244338
121.5	1.2149100892244338
122.0	1.2149100892244338
122.5	1.2149100892244338
123.0	1.2149100892244338
123.5	1.2149100892244338
124.0	1.2149100892244338
124.5	1.2149100892244338
125.0	1.2149100892244338
125.5	1.2149100892244338
126	1.2093357744415965
126.5	1.2093357744415965
127.0	1.2093357744415965
127.5	1.2093357744415965
128.0	1.2093357744415965
128.5	1.2093357744415965
129	1.2085514124293786
129.5	1.2085514124293786
130.0	1.2085514124293786
130.5	1.2085514124293786
131.0	1.2085514124293786
131.5	1.228948148291941
132	1.230016
132.5	1.230016
133.0	1.230016
133.5	1.230016
134	1.2346174209700735
134.5	1.2348615384615385
135.0	1.2348615384615385
135.5	1.2348615384615385
136.0	1.2348615384615385
136.5	1.2340102389078498
137.0	1.2340102389078498
137.5	1.2340102389078498
138.0	1.2340102389078498
138.5	1.2340102389078498
139	1.2243592233009708
139.5	1.2243592233009708
140.0	1.2243592233009708
140.5	1.2243592233009708
141.0	1.2243592233009708
141.5	1.213070881538211
142.0	1.213070881538211
142.5	1.213070881538211
143.0	1.213070881538211
143.5	1.213070881538211
144.0	1.213070881538211
144.5	1.213070881538211
145.0	1.213070881538211
145.5	1.213070881538211
146.0	1.213070881538211
146.5	1.213070881538211
147.0	1.213070881538211
147.5	1.1439531991613043
148	1.1432661894456466
148.5	1.1432661894456466
149.0	1.1432661894456466
149.5	1.1432661894456466
150.0	1.1432661894456466
150.5	1.1432661894456466
151.0	1.1432661894456466
151.5	1.1432661894456466
152.0	1.1432661894456466
152.5	1.1432661894456466
153.0	1.1432661894456466
153.5	1.1432661894456466
154	1.2193368029739777
154.5	1.2193368029739777
155.0	1.2193368029739777
155.5	1.2193368029739777
156.0	1.2193368029739777
156.5	1.2193368029739777
157.0	1.2193368029739777
157.5	1.2193368029739777
158.0	1.2193368029739777
158.5	1.2193368029739777
159.0	1.2193368029739777
159.5	1.2193368029739777
160.0	1.2193368029739777
160.5	1.2254008438818567
161.0	1.2254008438818567
161.5	1.2086943079950208
162	1.2060332458442695
162.5	1.2060332458442695
163	1.213623978201635
163.5	1.213623978201635
164	1.2183748810656518
164.5	1.2183748810656518
165	1.1943164529424743
165.5	1.193149012567325
166.0	1.193149012567325
166.5	1.193149012567325
167.0	1.193149012567325
167.5	1.193149012567325
168.0	1.193149012567325
168.5	1.193149012567325
169.0	1.193149012567325
169.5	1.193149012567325
170.0	1.193149012567325
170.5	1.193149012567325
171	1.1937517630465444
171.5	1.1937517630465444
172.0	1.1937517630465444
172.5	1.1937517630465444
173.0	1.1937517630465444
173.5	1.1937517630465444
174.0	1.1937517630465444
174.5	1.1937517630465444
175.0	1.1937517630465444
175.5	1.1937517630465444
176.0	1.1937517630465444
176.5	1.1937517630465444
177	1.2052327044025157
177.5	1.2052327044025157
178.0	1.2052327044025157
178.5	1.2052327044025157
179.0	1.2052327044025157
179.5	1.2052327044025157
180.0	1.2052327044025157
180.5	1.2052327044025157
