0	2.2868050314465407
0.5	2.2868050314465407
1	2.322089552238806
1.5	2.2974455852156055
2	2.2725408618127787
2.5	2.2725408618127787
3.0	2.2725408618127787
3.5	2.6255885167464115
4.0	2.6255885167464115
4.5	2.6255885167464115
5	2.2282559109874827
5.5	2.2282559109874827
6.0	2.2282559109874827
6.5	2.2282559109874827
7.0	2.2282559109874827
7.5	2.468541614463229
8	2.4783167978104688
8.5	2.4783167978104688
9.0	2.4783167978104688
9.5	2.4783167978104688
10.0	2.4783167978104688
10.5	2.4783167978104688
11	2.713110329389191
11.5	2.713110329389191
12.0	2.713110329389191
12.5	2.713110329389191
13.0	2.713110329389191
13.5	2.713110329389191
14	2.69990660862683
14.5	2.69990660862683
15.0	2.69990660862683
15.5	2.69990660862683
16.0	2.69990660862683
16.5	2.369887844408428
17.0	2.369887844408428
17.5	2.369887844408428
18.0	2.369887844408428
18.5	2.369887844408428
19.0	2.369887844408428
19.5	2.034697773435866
20	2.0216595859101907
20.5	2.0216595859101907
21.0	2.0216595859101907
21.5	2.0216595859101907
22.0	2.0216595859101907
22.5	2.0216595859101907
23.0	2.0216595859101907
23.5	1.9697863660762212
24.0	1.9697863660762212
24.5	1.9697863660762212
25.0	1.9697863660762212
25.5	1.9697863660762212
26.0	1.9697863660762212
26.5	1.9697863660762212
27.0	1.9697863660762212
27.5	2.1188274125874127
28.0	2.1188274125874127
28.5	2.1188274125874127
29.0	2.1188274125874127
29.5	2.1188274125874127
30.0	2.1188274125874127
30.5	2.1188274125874127
31	1.9670994777924262
31.5	1.9537304429783224
32.0	1.9537304429783224
32.5	1.9537304429783224
33.0	1.9537304429783224
33.5	1.9537304429783224
34.0	1.9537304429783224
34.5	1.9537304429783224
35.0	1.9537304429783224
35.5	2.394553005464481
36.0	2.394553005464481
36.5	2.394553005464481
37.0	2.394553005464481
37.5	2.394553005464481
38.0	2.394553005464481
38.5	2.7072434017595306
39.0	2.7072434017595306
39.5	2.7072434017595306
40.0	2.7072434017595306
40.5	2.7072434017595306
41	3.0972436985247187
41.5	3.1071080755323424
42.0	3.1071080755323424
42.5	3.1071080755323424
43.0	3.1071080755323424
43.5	4.73706130699375
44	4.807131614654003
44.5	4.807131614654003
45.0	4.807131614654003
45.5	4.751486493714896
46.0	4.751486493714896
46.5	4.751486493714896
47.0	4.751486493714896
47.5	4.751486493714896
48.0	4.751486493714896
48.5	4.751486493714896
49	4.8262467132867135
49.5	4.8262467132867135
50.0	4.8262467132867135
50.5	4.8262467132867135
51.0	4.8262467132867135
51.5	4.8262467132867135
52.0	4.8262467132867135
52.5	4.903567066888644
53	4.906248947684907
53.5	4.906248947684907
54.0	4.906248947684907
54.5	4.906248947684907
55.0	4.906248947684907
55.5	4.906248947684907
56	4.938770759333963
56.5	4.939504113475177
57.0	4.939504113475177
57.5	4.939504113475177
58.0	4.939504113475177
58.5	4.939504113475177
59.0	4.939504113475177
59.5	4.939504113475177
60	4.684250922509225
60.5	4.684250922509225
61.0	4.684250922509225
61.5	4.684250922509225
62.0	4.684250922509225
62.5	4.684250922509225
63.0	4.684250922509225
63.5	4.196019937077593
64	4.182250639386189
64.5	4.182250639386189
65.0	4.182250639386189
65.5	4.182250639386189
66.0	4.182250639386189
66.5	4.182250639386189
67.0	4.182250639386189
67.5	3.1074459698393557
68	3.08215644820296
68.5	3.08215644820296
69.0	3.08215644820296
69.5	3.08215644820296
70.0	3.08215644820296
70.5	3.08215644820296
71.0	3.08215644820296
71.5	3.08215644820296
72.0	3.08215644820296
72.5	3.08215644820296
73.0	3.08215644820296
73.5	4.078916929038508
74.0	4.078916929038508
74.5	4.078916929038508
75.0	4.078916929038508
75.5	4.078916929038508
76.0	4.078916929038508
76.5	4.078916929038508
77.0	4.078916929038508
77.5	4.30780283470356
78	4.322215606675688
78.5	4.322215606675688
79.0	4.322215606675688
79.5	4.322215606675688
80.0	4.322215606675688
80.5	4.322215606675688
81.0	4.322215606675688
81.5	4.322215606675688
82.0	4.322215606675688
82.5	4.202553010122536
83.0	4.202553010122536
83.5	4.202553010122536
84.0	4.202553010122536
84.5	4.202553010122536
85.0	4.202553010122536
85.5	4.202553010122536
86	4.568771143173813
86.5	4.573356186395286
87.0	4.573356186395286
87.5	4.573356186395286
88.0	4.573356186395286
88.5	4.573356186395286
89.0	4.573356186395286
89.5	4.573356186395286
90	4.241332680058795
90.5	4.241332680058795
91.0	4.241332680058795
91.5	4.241332680058795
92.0	4.241332680058795
92.5	4.241332680058795
93.0	4.241332680058795
93.5	4.241332680058795
94	3.5389284638992904
94.5	3.517591344153142
95.0	3.517591344153142
95.5	3.517591344153142
96.0	3.517591344153142
96.5	3.517591344153142
97.0	3.517591344153142
97.5	3.517591344153142
98.0	3.517591344153142
98.5	3.517591344153142
99	4.813113725490196
99.5	4.813113725490196
100.0	4.813113725490196
100.5	4.813113725490196
101.0	4.813113725490196
101.5	4.813113725490196
102.0	4.813113725490196
102.5	4.824734619564297
103	4.824825763831544
103.5	4.824825763831544
104.0	4.824825763831544
104.5	4.824825763831544
105.0	4.824825763831544
105.5	4.824825763831544
106.0	4.824825763831544
106.5	4.687186266974122
107.0	4.687186266974122
107.5	4.687186266974122
108.0	4.687186266974122
108.5	4.687186266974122
109.0	4.687186266974122
109.5	4.687186266974122
110.0	4.687186266974122
110.5	4.205534396355353
111.0	4.205534396355353
111.5	4.205534396355353
112.0	4.205534396355353
112.5	4.205534396355353
113.0	4.205534396355353
113.5	4.205534396355353
114.0	4.205534396355353
114.5	4.205534396355353
115	3.827624191028788
115.5	3.827624191028788
116.0	3.827624191028788
116.5	3.827624191028788
117.0	3.827624191028788
117.5	3.827624191028788
118.0	3.827624191028788
118.5	3.827624191028788
119.0	3.827624191028788
119.5	3.8778892578223947
120	3.8793250820914373
120.5	3.8793250820914373
121.0	3.8793250820914373
121.5	3.8793250820914373
122.0	3.8793250820914373
122.5	3.8793250820914373
123.0	3.8793250820914373
123.5	4.065246914004316
124	4.067172348484848
124.5	4.067172348484848
125.0	4.067172348484848
125.5	4.067172348484848
126.0	4.067172348484848
126.5	4.067172348484848
127.0	4.067172348484848
127.5	4.067172348484848
128	4.32285641934667
128.5	4.32285641934667
129.0	4.32285641934667
129.5	4.32285641934667
130.0	4.32285641934667
130.5	4.32285641934667
131.0	4.32285641934667
131.5	4.32285641934667
132	4.512210249671485
132.5	4.512210249671485
133.0	4.512210249671485
133.5	4.512210249671485
134.0	4.512210249671485
134.5	4.512210249671485
135.0	4.512210249671485
135.5	4.512210249671485
136	4.562598863943738
136.5	4.562598863943738
137.0	4.562598863943738
137.5	4.562598863943738
138.0	4.562598863943738
138.5	4.562598863943738
139.0	4.562598863943738
139.5	4.264728134665302
140	4.256348757915246
140.5	4.256348757915246
141.0	4.256348757915246
141.5	4.256348757915246
142.0	4.256348757915246
142.5	4.256348757915246
143.0	4.256348757915246
143.5	4.256348757915246
144	4.193533596837945
144.5	4.193533596837945
145.0	4.193533596837945
145.5	4.193533596837945
146.0	4.193533596837945
146.5	4.193533596837945
147.0	4.193533596837945
147.5	4.193533596837945
148	4.413927399303828
148.5	4.413927399303828
149.0	4.413927399303828
149.5	4.413927399303828
150.0	4.413927399303828
150.5	4.413927399303828
151.0	4.413927399303828
151.5	4.413927399303828
152	4.732496543295442
152.5	4.753803131991051
153.0	4.753803131991051
153.5	4.753803131991051
154.0	4.753803131991051
154.5	4.753803131991051
155.0	4.753803131991051
155.5	4.753803131991051
156	4.8983505042245845
156.5	4.8983505042245845
157.0	4.8983505042245845
157.5	4.8983505042245845
158.0	4.8983505042245845
158.5	4.8983505042245845
159.0	4.8983505042245845
159.5	4.8348597842835135
160.0	4.8348597842835135
160.5	4.8348597842835135
161.0	4.8348597842835135
161.5	4.8348597842835135
162.0	4.8348597842835135
162.5	4.8348597842835135
163	4.9075138058639345
163.5	4.9075138058639345
164.0	4.9075138058639345
164.5	4.9075138058639345
165.0	4.9075138058639345
165.5	4.9075138058639345
166.0	4.9075138058639345
166.5	4.8169945401091985
167.0	4.8169945401091985
167.5	4.8169945401091985
168.0	4.8169945401091985
168.5	4.8169945401091985
