0	4.447730886850153
0.5	4.383131868131868
1.0	4.383131868131868
1.5	4.398896551724138
2	4.380716312056737
2.5	4.380716312056737
3.0	4.380716312056737
3.5	4.384138482023968
4	4.3743781569965865
4.5	4.3743781569965865
5.0	4.3743781569965865
5.5	4.958425739729963
6.0	4.958425739729963
6.5	4.958425739729963
7.0	4.958425739729963
7.5	4.958425739729963
8.0	4.958425739729963
8.5	4.958425739729963
9	4.993696555591986
9.5	4.994922573609597
10.0	4.994922573609597
10.5	4.994922573609597
11.0	4.994922573609597
11.5	4.994922573609597
12.0	4.994922573609597
12.5	4.994922573609597
13	4.905653937947494
13.5	4.905653937947494
14.0	4.905653937947494
14.5	4.905653937947494
15.0	4.905653937947494
15.5	4.905653937947494
16.0	4.905653937947494
16.5	4.734954433833561
17.0	4.734954433833561
17.5	4.734954433833561
18.0	4.734954433833561
18.5	4.734954433833561
19.0	4.734954433833561
19.5	4.734954433833561
20	4.952485331814298
20.5	4.952485331814298
21.0	4.952485331814298
21.5	4.952485331814298
22.0	4.952485331814298
22.5	4.952485331814298
23.0	4.952485331814298
23.5	4.856550549224777
24	4.854146031746032
24.5	4.854146031746032
25.0	4.854146031746032
25.5	4.854146031746032
26.0	4.854146031746032
26.5	4.854146031746032
27	4.85990330510219
27.5	4.859968105581523
28.0	4.859968105581523
28.5	4.859968105581523
29.0	4.859968105581523
29.5	4.859968105581523
30.0	4.859968105581523
30.5	4.859968105581523
31	3.741625488180884
31.5	3.741625488180884
32.0	3.741625488180884
32.5	3.741625488180884
33.0	3.741625488180884
33.5	3.741625488180884
34.0	3.741625488180884
34.5	3.741625488180884
35.0	3.741625488180884
35.5	3.741625488180884
36	4.7890125373134325
36.5	4.7890125373134325
37.0	4.7890125373134325
37.5	4.7890125373134325
38.0	4.7890125373134325
38.5	4.7890125373134325
39.0	4.7890125373134325
39.5	4.755554819110743
40.0	4.755554819110743
40.5	4.755554819110743
41.0	4.755554819110743
41.5	4.755554819110743
42.0	4.755554819110743
42.5	4.755554819110743
43	4.639694022289768
43.5	4.639694022289768
44.0	4.639694022289768
44.5	4.639694022289768
45.0	4.639694022289768
45.5	4.639694022289768
46.0	4.639694022289768
46.5	4.639694022289768
47	4.641153802816902
47.5	4.641153802816902
48.0	4.641153802816902
48.5	4.641153802816902
49.0	4.641153802816902
49.5	4.641153802816902
50.0	4.641153802816902
50.5	4.320292946265376
51	4.315231479232451
51.5	4.315231479232451
52.0	4.315231479232451
52.5	4.315231479232451
53.0	4.315231479232451
53.5	4.315231479232451
54.0	4.315231479232451
54.5	4.315231479232451
55	4.734860592755214
55.5	4.734860592755214
56.0	4.734860592755214
56.5	4.734860592755214
57.0	4.734860592755214
57.5	4.734860592755214
58.0	4.734860592755214
58.5	4.670344590726961
59.0	4.670344590726961
59.5	4.670344590726961
60.0	4.670344590726961
60.5	4.670344590726961
61.0	4.670344590726961
61.5	4.670344590726961
62	4.782732794912231
62.5	4.786078064870808
63.0	4.786078064870808
63.5	4.786078064870808
64.0	4.786078064870808
64.5	4.786078064870808
65.0	4.786078064870808
65.5	4.786078064870808
66	4.753155389141481
66.5	4.753155389141481
67.0	4.753155389141481
67.5	4.753155389141481
68.0	4.753155389141481
68.5	4.753155389141481
69.0	4.753155389141481
69.5	4.804700073295942
70	4.808174066451043
70.5	4.808174066451043
71.0	4.808174066451043
71.5	4.808174066451043
72.0	4.808174066451043
72.5	4.808174066451043
73.0	4.808174066451043
73.5	4.882590008372872
74.0	4.882590008372872
74.5	4.882590008372872
75.0	4.882590008372872
75.5	4.882590008372872
76.0	4.882590008372872
76.5	4.882590008372872
77	4.624340472267984
77.5	4.624340472267984
78.0	4.624340472267984
78.5	4.624340472267984
79.0	4.624340472267984
79.5	4.624340472267984
80.0	4.624340472267984
80.5	4.624340472267984
81	4.670900316841336
81.5	4.670900316841336
82.0	4.670900316841336
82.5	4.670900316841336
83.0	4.670900316841336
83.5	4.670900316841336
84.0	4.670900316841336
84.5	4.670900316841336
85	4.8054779165397505
85.5	4.8054779165397505
86.0	4.8054779165397505
86.5	4.8054779165397505
87.0	4.8054779165397505
87.5	4.8054779165397505
88.0	4.8054779165397505
88.5	4.799581787521079
89.0	4.799581787521079
89.5	4.799581787521079
90.0	4.799581787521079
90.5	4.799581787521079
91.0	4.799581787521079
91.5	4.799581787521079
92	4.849613445378152
92.5	4.849613445378152
93.0	4.849613445378152
93.5	4.849613445378152
94.0	4.849613445378152
94.5	4.849613445378152
95.0	4.849613445378152
95.5	4.795177000450701
96	4.793179472639637
96.5	4.793179472639637
97.0	4.793179472639637
97.5	4.793179472639637
98.0	4.793179472639637
98.5	4.793179472639637
99.0	4.793179472639637
99.5	4.676868807838868
100.0	4.676868807838868
100.5	4.676868807838868
101.0	4.676868807838868
101.5	4.676868807838868
102.0	4.676868807838868
102.5	4.676868807838868
103	4.749227351512213
103.5	4.755450895279436
104.0	4.755450895279436
104.5	4.755450895279436
105.0	4.755450895279436
105.5	4.755450895279436
106.0	4.755450895279436
106.5	4.755450895279436
107	4.7827681045751635
107.5	4.7827681045751635
108.0	4.7827681045751635
108.5	4.7827681045751635
109.0	4.7827681045751635
109.5	4.7827681045751635
110.0	4.7827681045751635
110.5	4.7827681045751635
111	4.7743201448151025
111.5	4.7743201448151025
112.0	4.7743201448151025
112.5	4.7743201448151025
113.0	4.7743201448151025
113.5	4.7743201448151025
114.0	4.7743201448151025
114.5	4.7743201448151025
115	4.792283878178262
115.5	4.792283878178262
116.0	4.792283878178262
116.5	4.792283878178262
117.0	4.792283878178262
117.5	4.792283878178262
118.0	4.792283878178262
118.5	4.777569822364578
119	4.777060031104199
119.5	4.777060031104199
120.0	4.777060031104199
120.5	4.777060031104199
121.0	4.777060031104199
121.5	4.777060031104199
122	4.679851811495505
122.5	4.679851811495505
123.0	4.679851811495505
123.5	4.679851811495505
124.0	4.679851811495505
124.5	4.679851811495505
125.0	4.679851811495505
125.5	4.490892229795769
126	4.484097714736013
126.5	4.484097714736013
127.0	4.484097714736013
127.5	4.484097714736013
128.0	4.484097714736013
128.5	4.484097714736013
129.0	4.484097714736013
129.5	4.630422772350463
130	4.633997300944669
130.5	4.633997300944669
131.0	4.633997300944669
131.5	4.633997300944669
132.0	4.633997300944669
132.5	4.633997300944669
133.0	4.633997300944669
133.5	4.622616607289668
134.0	4.622616607289668
134.5	4.622616607289668
135.0	4.622616607289668
135.5	4.622616607289668
136.0	4.622616607289668
136.5	4.622616607289668
137	4.646449358479298
137.5	4.648023404255319
138.0	4.648023404255319
138.5	4.648023404255319
139.0	4.648023404255319
139.5	4.648023404255319
140.0	4.648023404255319
140.5	4.648023404255319
141	4.715786622835016
141.5	4.716705751597666
142.0	4.716705751597666
142.5	4.716705751597666
143.0	4.716705751597666
143.5	4.716705751597666
144.0	4.716705751597666
144.5	4.716705751597666
145	4.770979844127923
145.5	4.770979844127923
146.0	4.770979844127923
146.5	4.770979844127923
147.0	4.770979844127923
147.5	4.770979844127923
148.0	4.770979844127923
148.5	4.759366851611675
149	4.759126539753639
149.5	4.759126539753639
150.0	4.759126539753639
150.5	4.759126539753639
151.0	4.759126539753639
151.5	4.759126539753639
152.0	4.759126539753639
152.5	4.760807417218543
153.0	4.760807417218543
153.5	4.760807417218543
154.0	4.760807417218543
154.5	4.760807417218543
155.0	4.760807417218543
155.5	4.760807417218543
156	4.805210111475851
156.5	4.80671568627451
157.0	4.80671568627451
157.5	4.80671568627451
158.0	4.80671568627451
158.5	4.80671568627451
159.0	4.80671568627451
159.5	4.786256524153249
160.0	4.786256524153249
160.5	4.786256524153249
161.0	4.786256524153249
161.5	4.786256524153249
162.0	4.786256524153249
162.5	4.786256524153249
163.0	4.786256524153249
163.5	4.617256038647343
164.0	4.617256038647343
164.5	4.617256038647343
165.0	4.617256038647343
165.5	4.617256038647343
