0	1.3294405850091406
0.5	1.3294405850091406
1.0	1.3294405850091406
1.5	1.341206896551724
2.0	1.341206896551724
2.5	1.3383444976076555
3.0	1.3383444976076555
3.5	1.341376483279396
4.0	1.341376483279396
4.5	1.330148524923703
5.0	1.330148524923703
5.5	1.3211570762052878
6.0	1.3211570762052878
6.5	1.3211570762052878
7.0	1.3211570762052878
7.5	1.2330417021276596
8.0	1.2330417021276596
8.5	1.2330417021276596
9.0	1.2330417021276596
9.5	1.2330417021276596
10.0	1.2330417021276596
10.5	1.2330417021276596
11.0	1.2330417021276596
11.5	1.2330417021276596
12.0	1.2330417021276596
12.5	1.2330417021276596
13.0	1.2330417021276596
13.5	1.2304417693981144
14.0	1.2304417693981144
14.5	1.2304417693981144
15.0	1.2304417693981144
15.5	1.2304417693981144
16.0	1.2304417693981144
16.5	1.2304417693981144
17.0	1.2304417693981144
17.5	1.2304417693981144
18.0	1.2304417693981144
18.5	1.2304417693981144
19.0	1.2304417693981144
19.5	1.2304417693981144
20.0	1.2304417693981144
20.5	1.1698669410150893
21.0	1.1698669410150893
21.5	1.1698669410150893
22.0	1.1698669410150893
22.5	1.1698669410150893
23.0	1.1698669410150893
23.5	1.1698669410150893
24.0	1.1698669410150893
24.5	1.1698669410150893
25.0	1.1698669410150893
25.5	1.1698669410150893
26.0	1.1698669410150893
26.5	1.08747642421538
27.0	1.08747642421538
27.5	1.08747642421538
28.0	1.08747642421538
28.5	1.08747642421538
29.0	1.08747642421538
29.5	1.08747642421538
30.0	1.08747642421538
30.5	1.08747642421538
31.0	1.08747642421538
31.5	1.08747642421538
32.0	1.08747642421538
32.5	1.08747642421538
33	0.7239969254419677
33.5	0.7239969254419677
34.0	0.7239969254419677
34.5	0.7239969254419677
35.0	0.7239969254419677
35.5	0.7239969254419677
36.0	0.7239969254419677
36.5	0.7239969254419677
37	0.5799870908210396
37.5	0.5683275705186533
38.0	0.5683275705186533
38.5	0.5683275705186533
39.0	0.5683275705186533
39.5	1.1744
40.0	1.1744
40.5	1.1744
41	1.1694373983739839
41.5	1.1694373983739839
42	1.3338190476190475
42.5	1.3338190476190475
43	1.0743351668500183
43.5	1.0743351668500183
44.0	1.0743351668500183
44.5	1.0743351668500183
45.0	1.0743351668500183
45.5	1.0743351668500183
46	0.6942395382395382
46.5	0.6942395382395382
47.0	0.6942395382395382
47.5	0.6942395382395382
48.0	0.6942395382395382
48.5	0.6942395382395382
49.0	0.6942395382395382
49.5	0.6942395382395382
50	0.8450461538461539
50.5	0.8450461538461539
51.0	0.8450461538461539
51.5	0.8450461538461539
52.0	0.8450461538461539
52.5	0.8450461538461539
53.0	0.8450461538461539
53.5	0.8450461538461539
54.0	0.8450461538461539
54.5	0.8450461538461539
55.0	0.8450461538461539
55.5	0.8450461538461539
56.0	0.8450461538461539
56.5	0.8450461538461539
57.0	0.8450461538461539
57.5	0.8450461538461539
58.0	0.8450461538461539
58.5	1.0891335630599588
59.0	1.0891335630599588
59.5	1.0891335630599588
60.0	1.0891335630599588
60.5	1.0891335630599588
61.0	1.0891335630599588
61.5	1.0891335630599588
62.0	1.0891335630599588
62.5	1.0891335630599588
63.0	1.0891335630599588
63.5	1.0891335630599588
64.0	1.0891335630599588
64.5	1.0891335630599588
65.0	1.0891335630599588
65.5	1.0891335630599588
66	1.2041648068669528
66.5	1.2041648068669528
67.0	1.2041648068669528
67.5	1.2041648068669528
68.0	1.2041648068669528
68.5	0.763952437229064
69	0.6965035891772501
69.5	0.6965035891772501
70.0	0.6965035891772501
70.5	0.6967417218543046
71.0	0.6967417218543046
71.5	0.6967417218543046
72.0	0.6967417218543046
72.5	0.8725322687957419
73.0	0.8725322687957419
73.5	0.8725322687957419
74	0.992017495455213
74.5	1.0111764705882353
75.0	1.0111764705882353
75.5	1.0111764705882353
76.0	1.0111764705882353
76.5	1.0111764705882353
77	0.9951855385564681
77.5	0.9945506044905008
78.0	0.9945506044905008
78.5	0.9945506044905008
79.0	0.9945506044905008
79.5	0.9945506044905008
80	0.9762430207873947
80.5	0.9745166061583972
81.0	0.9745166061583972
81.5	0.9745166061583972
82.0	0.9745166061583972
82.5	0.9745166061583972
83.0	0.9745166061583972
83.5	0.9745166061583972
84.0	0.9745166061583972
84.5	0.9745166061583972
85.0	0.9745166061583972
85.5	0.9745166061583972
86.0	0.9745166061583972
86.5	0.9745166061583972
87.0	0.9745166061583972
87.5	0.9745166061583972
88	1.4034205637933843
88.5	1.4034205637933843
89.0	1.4034205637933843
89.5	1.4034205637933843
90.0	1.4034205637933843
90.5	1.4034205637933843
91.0	1.4034205637933843
91.5	1.4034205637933843
92.0	1.4034205637933843
92.5	1.4034205637933843
93.0	1.4034205637933843
93.5	1.4034205637933843
94	1.1008304900181487
94.5	1.1008304900181487
95.0	1.1008304900181487
95.5	1.1008304900181487
96.0	1.1008304900181487
96.5	1.1008304900181487
97.0	1.1008304900181487
97.5	1.1008304900181487
98.0	1.1008304900181487
98.5	1.1008304900181487
99.0	1.1008304900181487
99.5	1.0782772761483566
100	1.0778925207756234
100.5	1.0778925207756234
101.0	1.0778925207756234
101.5	1.0778925207756234
102.0	1.0778925207756234
102.5	1.0778925207756234
103.0	1.0778925207756234
103.5	1.0778925207756234
104.0	1.0778925207756234
104.5	1.0778925207756234
105.0	1.0778925207756234
105.5	1.0778925207756234
106.0	1.0778925207756234
106.5	1.0778925207756234
107	0.9677746783156438
107.5	0.9638092158447857
108.0	0.9638092158447857
108.5	0.8825283812193413
109.0	0.8825283812193413
109.5	0.8825283812193413
110	1.0605252525252524
110.5	1.0605252525252524
111.0	1.0605252525252524
111.5	1.1963898099474322
112.0	1.1963898099474322
112.5	1.1963898099474322
113.0	1.1963898099474322
113.5	1.1963898099474322
114	1.5842293144208037
114.5	1.5842293144208037
115.0	1.5842293144208037
115.5	1.5842293144208037
116.0	1.5842293144208037
116.5	1.5842293144208037
117.0	1.5842293144208037
117.5	1.638017972059227
118	1.6426752051230737
118.5	1.6426752051230737
119.0	1.6426752051230737
119.5	1.6426752051230737
120.0	1.6426752051230737
120.5	1.6426752051230737
121.0	1.6426752051230737
121.5	1.6426752051230737
122.0	1.6426752051230737
122.5	1.6426752051230737
123	2.194575995350189
123.5	2.194575995350189
124.0	2.194575995350189
124.5	2.194575995350189
125.0	2.194575995350189
125.5	2.194575995350189
126.0	2.194575995350189
126.5	2.1874328582145535
127.0	2.1874328582145535
127.5	2.1874328582145535
128.0	2.1874328582145535
128.5	2.1874328582145535
129	1.8084527938342967
129.5	1.8084527938342967
130.0	1.8084527938342967
130.5	1.8084527938342967
131.0	1.8084527938342967
131.5	1.8084527938342967
132.0	1.8084527938342967
132.5	1.8084527938342967
133.0	1.8084527938342967
133.5	1.341945726416836
134.0	1.341945726416836
134.5	1.341945726416836
135.0	1.341945726416836
135.5	1.341945726416836
136.0	1.341945726416836
136.5	1.341945726416836
137.0	1.341945726416836
137.5	1.341945726416836
138.0	1.341945726416836
138.5	1.341945726416836
139	2.0905970233080597
139.5	2.0905970233080597
140.0	2.0905970233080597
140.5	2.0905970233080597
141.0	2.0905970233080597
141.5	2.0905970233080597
142.0	2.0905970233080597
142.5	2.1569095477386937
143.0	2.1569095477386937
143.5	2.1569095477386937
144.0	2.1569095477386937
144.5	2.1569095477386937
145.0	2.1569095477386937
145.5	2.1569095477386937
146	2.058759728847602
146.5	2.058759728847602
147.0	2.058759728847602
147.5	2.058759728847602
148.0	2.058759728847602
148.5	2.058759728847602
149.0	2.058759728847602
149.5	2.058759728847602
150	2.029785284855425
150.5	2.029785284855425
151.0	2.029785284855425
151.5	2.029785284855425
152.0	2.029785284855425
152.5	2.029785284855425
153.0	2.029785284855425
153.5	2.08893715127217
154	2.0940005374899218
154.5	2.0940005374899218
155.0	2.0940005374899218
155.5	2.0940005374899218
156.0	2.0940005374899218
156.5	2.0940005374899218
157.0	2.0940005374899218
157.5	1.9516540320529128
158.0	1.9516540320529128
158.5	1.9516540320529128
159.0	1.9516540320529128
159.5	1.9516540320529128
160.0	1.9516540320529128
160.5	1.9516540320529128
161.0	1.9516540320529128
161.5	2.0374771784232366
162.0	2.0374771784232366
162.5	2.0374771784232366
163.0	2.0374771784232366
163.5	2.0374771784232366
164.0	2.0374771784232366
164.5	2.0374771784232366
165.0	2.0374771784232366
165.5	2.06906600249066
166.0	2.06906600249066
166.5	2.06906600249066
167.0	2.06906600249066
167.5	2.06906600249066
168.0	2.06906600249066
168.5	2.02311603932962
169	2.021785607644073
169.5	2.021785607644073
170.0	2.021785607644073
170.5	2.021785607644073
171.0	2.021785607644073
171.5	2.021785607644073
172	2.0499786050492084
172.5	2.0499786050492084
173.0	2.0499786050492084
173.5	2.0499786050492084
174.0	2.0499786050492084
