0	5.615474903474904
0.5	5.5494260869565215
1	5.557417821782178
1.5	5.552381233760399
2	5.551433756805808
2.5	5.528138901923979
3.0	5.528138901923979
3.5	5.528138901923979
4.0	5.528138901923979
4.5	5.194983277591973
5.0	5.194983277591973
5.5	5.194983277591973
6.0	5.194983277591973
6.5	5.194983277591973
7.0	5.194983277591973
7.5	4.721083150984683
8.0	4.721083150984683
8.5	4.721083150984683
9.0	4.721083150984683
9.5	4.721083150984683
10.0	4.721083150984683
10.5	4.721083150984683
11.0	4.721083150984683
11.5	4.741556935817806
12.0	4.741556935817806
12.5	4.741556935817806
13.0	4.741556935817806
13.5	4.741556935817806
14.0	4.741556935817806
14.5	4.741556935817806
15	4.649921319367532
15.5	4.649067571388182
16.0	4.649067571388182
16.5	4.649067571388182
17.0	4.649067571388182
17.5	4.649067571388182
18.0	4.649067571388182
18.5	4.649067571388182
19	4.5945480540111205
19.5	4.5945480540111205
20.0	4.5945480540111205
20.5	4.5945480540111205
21.0	4.5945480540111205
21.5	4.5945480540111205
22.0	4.5945480540111205
22.5	4.548589483904359
23	4.5471171548117155
23.5	4.5471171548117155
24.0	4.5471171548117155
24.5	4.5471171548117155
25.0	4.5471171548117155
25.5	4.5471171548117155
26.0	4.5471171548117155
26.5	4.53358921832884
27.0	4.53358921832884
27.5	4.53358921832884
28.0	4.53358921832884
28.5	4.53358921832884
29.0	4.53358921832884
29.5	4.53358921832884
30.0	4.53358921832884
30.5	4.53339420364196
31.0	4.53339420364196
31.5	4.53339420364196
32.0	4.53339420364196
32.5	4.53339420364196
33.0	4.53339420364196
33.5	4.53339420364196
34.0	4.53339420364196
34.5	4.595558697298662
35.0	4.595558697298662
35.5	4.595558697298662
36.0	4.595558697298662
36.5	4.595558697298662
37.0	4.595558697298662
37.5	4.595558697298662
38.0	4.595558697298662
38.5	4.62873398730525
39.0	4.62873398730525
39.5	4.62873398730525
40.0	4.62873398730525
40.5	4.62873398730525
41.0	4.62873398730525
41.5	4.62873398730525
42	4.635225841184388
42.5	4.635225841184388
43.0	4.635225841184388
43.5	4.635225841184388
44.0	4.635225841184388
44.5	4.635225841184388
45.0	4.635225841184388
45.5	4.635225841184388
46	4.653839430894309
46.5	4.653839430894309
47.0	4.653839430894309
47.5	4.653839430894309
48.0	4.653839430894309
48.5	4.653839430894309
49.0	4.653839430894309
49.5	4.653839430894309
50	4.597125
50.5	4.597125
51.0	4.597125
51.5	4.597125
52.0	4.597125
52.5	4.597125
53.0	4.597125
53.5	4.634961648839029
54.0	4.634961648839029
54.5	4.634961648839029
55.0	4.634961648839029
55.5	4.634961648839029
56.0	4.634961648839029
56.5	4.634961648839029
57.0	4.634961648839029
57.5	4.687267590328715
58.0	4.687267590328715
58.5	4.687267590328715
59.0	4.687267590328715
59.5	4.687267590328715
60.0	4.687267590328715
60.5	4.687267590328715
61	4.663118966569316
61.5	4.662338285714286
62.0	4.662338285714286
62.5	4.662338285714286
63.0	4.662338285714286
63.5	4.662338285714286
64.0	4.662338285714286
64.5	4.662338285714286
65	4.629553842063281
65.5	4.629553842063281
66.0	4.629553842063281
66.5	4.629553842063281
67.0	4.629553842063281
67.5	4.629553842063281
68.0	4.629553842063281
68.5	4.607875786106889
69	4.6065443234836705
69.5	4.6065443234836705
70.0	4.6065443234836705
70.5	4.6065443234836705
71.0	4.6065443234836705
71.5	4.6065443234836705
72.0	4.6065443234836705
72.5	4.6065443234836705
73	4.616770186335404
73.5	4.616770186335404
74.0	4.616770186335404
74.5	4.616770186335404
75.0	4.616770186335404
75.5	4.616770186335404
76.0	4.616770186335404
76.5	4.635484896661367
77.0	4.635484896661367
77.5	4.635484896661367
78.0	4.635484896661367
78.5	4.635484896661367
79.0	4.635484896661367
79.5	4.635484896661367
80	4.572450459629677
80.5	4.570379375848033
81.0	4.570379375848033
81.5	4.570379375848033
82.0	4.570379375848033
82.5	4.570379375848033
83.0	4.570379375848033
83.5	4.570379375848033
84	4.550024691358025
84.5	4.550024691358025
85.0	4.550024691358025
85.5	4.550024691358025
86.0	4.550024691358025
86.5	4.550024691358025
87.0	4.550024691358025
87.5	4.550024691358025
88.0	4.550024691358025
88.5	4.534746766312159
89.0	4.534746766312159
89.5	4.534746766312159
90.0	4.534746766312159
90.5	4.534746766312159
91.0	4.534746766312159
91.5	4.534746766312159
92	4.579488334674175
92.5	4.579488334674175
93.0	4.579488334674175
93.5	4.579488334674175
94.0	4.579488334674175
94.5	4.579488334674175
95.0	4.579488334674175
95.5	4.579488334674175
96	4.6267022982362365
96.5	4.6267022982362365
97.0	4.6267022982362365
97.5	4.6267022982362365
98.0	4.6267022982362365
98.5	4.6267022982362365
99.0	4.6267022982362365
99.5	4.6139585152838425
100.0	4.6139585152838425
100.5	4.6139585152838425
101.0	4.6139585152838425
101.5	4.6139585152838425
102.0	4.6139585152838425
102.5	4.6139585152838425
103.0	4.6139585152838425
103.5	4.546921407779836
104.0	4.546921407779836
104.5	4.546921407779836
105.0	4.546921407779836
105.5	4.546921407779836
106.0	4.546921407779836
106.5	4.546921407779836
107.0	4.546921407779836
107.5	4.579047021943574
108.0	4.579047021943574
108.5	4.579047021943574
109.0	4.579047021943574
109.5	4.579047021943574
110.0	4.579047021943574
110.5	4.579047021943574
111.0	4.579047021943574
111.5	4.566671992011982
112.0	4.566671992011982
112.5	4.566671992011982
113.0	4.566671992011982
113.5	4.566671992011982
114.0	4.566671992011982
114.5	4.566671992011982
115.0	4.566671992011982
115.5	4.66219595959596
116.0	4.66219595959596
116.5	4.66219595959596
117.0	4.66219595959596
117.5	4.66219595959596
118.0	4.66219595959596
118.5	4.66219595959596
119.0	4.66219595959596
119.5	4.624314909679159
120.0	4.624314909679159
120.5	4.624314909679159
121.0	4.624314909679159
121.5	4.624314909679159
122.0	4.624314909679159
122.5	4.624314909679159
123	4.636841458756632
123.5	4.6371521739130435
124.0	4.6371521739130435
124.5	4.6371521739130435
125.0	4.6371521739130435
125.5	4.6371521739130435
126.0	4.6371521739130435
126.5	4.613248120300752
127.0	4.613248120300752
127.5	4.613248120300752
128.0	4.613248120300752
128.5	4.613248120300752
129.0	4.613248120300752
129.5	4.613248120300752
130.0	4.613248120300752
130.5	4.593907427341227
131.0	4.593907427341227
131.5	4.593907427341227
132.0	4.593907427341227
132.5	4.593907427341227
133.0	4.593907427341227
133.5	4.593907427341227
134	4.602736383739748
134.5	4.602938337801608
135.0	4.602938337801608
135.5	4.602938337801608
136.0	4.602938337801608
136.5	4.602938337801608
137.0	4.602938337801608
137.5	4.602938337801608
138	4.6177769910116435
138.5	4.618819277108434
139.0	4.618819277108434
139.5	4.618819277108434
140.0	4.618819277108434
140.5	4.618819277108434
141.0	4.618819277108434
141.5	4.618819277108434
142	4.60758449775903
142.5	4.60758449775903
143.0	4.60758449775903
143.5	4.60758449775903
144.0	4.60758449775903
144.5	4.60758449775903
145.0	4.60758449775903
145.5	4.60758449775903
146	4.587952432432432
146.5	4.587952432432432
147.0	4.587952432432432
147.5	4.587952432432432
148.0	4.587952432432432
148.5	4.587952432432432
149.0	4.587952432432432
149.5	4.599175129533679
150.0	4.599175129533679
150.5	4.599175129533679
151.0	4.599175129533679
151.5	4.599175129533679
152.0	4.599175129533679
152.5	4.599175129533679
153.0	4.599175129533679
153.5	4.606937669376694
154.0	4.606937669376694
154.5	4.606937669376694
155.0	4.606937669376694
155.5	4.606937669376694
156.0	4.606937669376694
156.5	4.606937669376694
157	4.597887180857519
157.5	4.597607572269122
158.0	4.597607572269122
158.5	4.597607572269122
159.0	4.597607572269122
159.5	4.597607572269122
160.0	4.597607572269122
160.5	4.597607572269122
161.0	4.597607572269122
161.5	4.590146284376829
162.0	4.590146284376829
162.5	4.590146284376829
163.0	4.590146284376829
163.5	4.590146284376829
164.0	4.590146284376829
164.5	4.590146284376829
165	4.572969761273209
165.5	4.572969761273209
166.0	4.572969761273209
166.5	4.572969761273209
167.0	4.572969761273209
167.5	4.572969761273209
168.0	4.572969761273209
168.5	4.615397987927566
169.0	4.615397987927566
169.5	4.615397987927566
170.0	4.615397987927566
170.5	4.615397987927566
