0	5.467699248120301
0.5	5.399187817258883
1	3.4816319954275823
1.5	3.0501008206330598
2.0	3.0501008206330598
2.5	3.0501008206330598
3.0	3.0501008206330598
3.5	3.0501008206330598
4.0	3.0501008206330598
4.5	3.130156254330426
5	3.1317986577181207
5.5	3.1317986577181207
6.0	3.1317986577181207
6.5	3.1317986577181207
7	4.8886312604893565
7.5	4.968219314641745
8.0	4.968219314641745
8.5	4.968219314641745
9	3.7432616822429905
9.5	3.7432616822429905
10.0	3.7432616822429905
10.5	2.586988030311855
11	2.530254977296542
11.5	2.530254977296542
12.0	2.530254977296542
12.5	2.530254977296542
13.0	2.530254977296542
13.5	3.1810633670791155
14.0	3.1810633670791155
14.5	3.1810633670791155
15.0	3.1810633670791155
15.5	3.1810633670791155
16.0	3.1810633670791155
16.5	3.4880695296523516
17.0	3.4880695296523516
17.5	3.4880695296523516
18.0	3.4880695296523516
18.5	3.7803019648397105
19.0	3.7803019648397105
19.5	3.7803019648397105
20.0	3.7803019648397105
20.5	3.068321157578966
21.0	3.068321157578966
21.5	3.068321157578966
22.0	3.068321157578966
22.5	3.068321157578966
23.0	3.068321157578966
23.5	3.068321157578966
24.0	3.068321157578966
24.5	3.068321157578966
25.0	3.068321157578966
25.5	3.068321157578966
26	4.112965597174887
26.5	4.137666912669126
27.0	4.137666912669126
27.5	4.137666912669126
28.0	4.137666912669126
28.5	4.137666912669126
29.0	4.137666912669126
29.5	4.137666912669126
30.0	4.137666912669126
30.5	4.525269841269841
31.0	4.525269841269841
31.5	4.525269841269841
32.0	4.525269841269841
32.5	4.525269841269841
33.0	4.525269841269841
33.5	4.525269841269841
34.0	4.525269841269841
34.5	3.9332342264477096
35.0	3.9332342264477096
35.5	3.9332342264477096
36.0	3.9332342264477096
36.5	3.9332342264477096
37.0	3.9332342264477096
37.5	3.9332342264477096
38.0	3.9332342264477096
38.5	3.9332342264477096
39	2.8689542203147353
39.5	2.8689542203147353
40.0	2.8689542203147353
40.5	2.8689542203147353
41.0	2.8689542203147353
41.5	2.8689542203147353
42.0	2.8689542203147353
42.5	2.8689542203147353
43.0	2.8689542203147353
43.5	2.8689542203147353
44.0	2.8689542203147353
44.5	2.8689542203147353
45	3.4343566015157556
45.5	3.4343566015157556
46.0	3.4343566015157556
46.5	3.4343566015157556
47.0	3.4343566015157556
47.5	3.4343566015157556
48.0	3.4343566015157556
48.5	3.4343566015157556
49.0	3.4343566015157556
49.5	3.4343566015157556
50	3.690070910556003
50.5	3.690070910556003
51.0	3.690070910556003
51.5	3.690070910556003
52.0	3.690070910556003
52.5	3.690070910556003
53.0	3.690070910556003
53.5	3.690070910556003
54.0	3.690070910556003
54.5	3.690070910556003
55	3.824534818941504
55.5	3.824534818941504
56.0	3.824534818941504
56.5	3.824534818941504
57.0	3.824534818941504
57.5	3.824534818941504
58.0	3.824534818941504
58.5	3.824534818941504
59.0	3.824534818941504
59.5	3.6805071472964572
60.0	3.6805071472964572
60.5	3.6805071472964572
61.0	3.6805071472964572
61.5	3.6805071472964572
62.0	3.6805071472964572
62.5	3.6805071472964572
63.0	3.6805071472964572
63.5	3.6805071472964572
64.0	3.6805071472964572
64.5	4.204150097465886
65.0	4.204150097465886
65.5	4.204150097465886
66.0	4.204150097465886
66.5	4.204150097465886
67.0	4.204150097465886
67.5	4.204150097465886
68.0	4.204150097465886
68.5	3.85144034621541
69	3.843189825718323
69.5	3.843189825718323
70.0	3.843189825718323
70.5	3.843189825718323
71.0	3.843189825718323
71.5	3.843189825718323
72.0	3.843189825718323
72.5	3.843189825718323
73	3.4162494802494803
73.5	3.4162494802494803
74.0	3.4162494802494803
74.5	3.412764331210191
75.0	3.412764331210191
75.5	3.406429615197272
76.0	3.406429615197272
76.5	3.406429615197272
77.0	3.406429615197272
77.5	3.1591064204045733
78.0	3.1591064204045733
78.5	3.1591064204045733
79.0	3.1591064204045733
79.5	3.1591064204045733
80	3.022301918265221
80.5	3.022301918265221
81.0	3.022301918265221
81.5	3.022301918265221
82.0	3.022301918265221
82.5	3.0188545390816683
83.0	3.0188545390816683
83.5	3.0188545390816683
84.0	3.0188545390816683
84.5	3.0188545390816683
85.0	3.0188545390816683
85.5	3.1460456431535273
86.0	3.1460456431535273
86.5	3.1460456431535273
87.0	3.1460456431535273
87.5	3.2633120580928723
88.0	3.2633120580928723
88.5	3.2633120580928723
89.0	3.2633120580928723
89.5	3.2633120580928723
90.0	3.2633120580928723
90.5	3.2633120580928723
91.0	3.2633120580928723
91.5	3.2633120580928723
92.0	3.2633120580928723
92.5	4.740059135794699
93	4.758966465090709
93.5	4.758966465090709
94.0	4.758966465090709
94.5	4.758966465090709
95.0	4.758966465090709
95.5	4.758966465090709
96.0	4.758966465090709
96.5	4.667461071231364
97.0	4.667461071231364
97.5	4.667461071231364
98.0	4.667461071231364
98.5	4.667461071231364
99.0	4.667461071231364
99.5	4.667461071231364
100	4.869032587135166
100.5	4.869032587135166
101.0	4.869032587135166
101.5	4.869032587135166
102.0	4.869032587135166
102.5	4.869032587135166
103.0	4.869032587135166
103.5	5.2791756137593895
104	5.287659728506787
104.5	5.287659728506787
105.0	5.287659728506787
105.5	5.287659728506787
106.0	5.287659728506787
106.5	5.287659728506787
107	5.90894315245478
107.5	5.90894315245478
108.0	5.90894315245478
108.5	5.90894315245478
109.0	5.90894315245478
109.5	5.90894315245478
110.0	5.90894315245478
110.5	7.103615236629473
111.0	7.103615236629473
111.5	7.103615236629473
112.0	7.103615236629473
112.5	7.103615236629473
113	3.3009207082371055
113.5	3.3009207082371055
114.0	3.3009207082371055
114.5	3.3009207082371055
115.0	3.3009207082371055
115.5	3.3009207082371055
116.0	3.3009207082371055
116.5	3.3009207082371055
117.0	3.3009207082371055
117.5	3.3009207082371055
118.0	3.3009207082371055
118.5	2.388158606748562
119.0	2.388158606748562
119.5	2.388158606748562
120.0	2.388158606748562
120.5	2.388158606748562
121.0	2.388158606748562
121.5	2.388158606748562
122.0	2.388158606748562
122.5	2.388158606748562
123.0	2.388158606748562
123.5	2.388158606748562
124.0	2.388158606748562
124.5	2.388158606748562
125	2.4268591608984322
125.5	2.4268591608984322
126.0	2.4268591608984322
126.5	2.4268591608984322
127.0	2.4268591608984322
127.5	2.4268591608984322
128.0	2.4268591608984322
128.5	2.4268591608984322
129.0	2.4268591608984322
129.5	2.4268591608984322
130.0	2.4268591608984322
130.5	2.4268591608984322
131.0	2.4268591608984322
131.5	2.4268591608984322
132	3.2061241251303128
132.5	3.2191137092211957
133.0	3.2191137092211957
133.5	3.2191137092211957
134.0	3.2191137092211957
134.5	3.2191137092211957
135.0	3.2191137092211957
135.5	3.2191137092211957
136.0	3.2191137092211957
136.5	3.2191137092211957
137.0	3.2191137092211957
137.5	4.256063460585027
138.0	4.256063460585027
138.5	4.256063460585027
139.0	4.256063460585027
139.5	4.256063460585027
140.0	4.256063460585027
140.5	4.256063460585027
141.0	4.256063460585027
141.5	5.098339298189778
142	5.111493333333333
142.5	5.111493333333333
143.0	5.111493333333333
143.5	5.111493333333333
144.0	5.111493333333333
144.5	5.111493333333333
145	5.099669681937555
145.5	5.099669681937555
146.0	5.099669681937555
146.5	5.099669681937555
147.0	5.099669681937555
147.5	5.099669681937555
148.0	5.099669681937555
148.5	4.852894225271584
149.0	4.852894225271584
149.5	4.852894225271584
150.0	4.852894225271584
150.5	4.852894225271584
151.0	4.852894225271584
151.5	4.852894225271584
152	5.109775813232048
152.5	5.117560103776304
153.0	5.117560103776304
153.5	5.117560103776304
154.0	5.117560103776304
154.5	5.117560103776304
155.0	5.117560103776304
155.5	5.006877286362934
156	5.002825191288994
156.5	5.002825191288994
157.0	5.002825191288994
157.5	5.002825191288994
158.0	5.002825191288994
158.5	5.002825191288994
159.0	5.002825191288994
159.5	5.118783252634578
160.0	5.118783252634578
160.5	5.118783252634578
161.0	5.118783252634578
161.5	5.118783252634578
162.0	5.118783252634578
162.5	5.118783252634578
163	6.157425431711146
163.5	6.157425431711146
164.0	6.157425431711146
164.5	6.157425431711146
165.0	6.157425431711146
165.5	4.933881447130806
166	4.908911161731208
166.5	4.908911161731208
167.0	4.908911161731208
167.5	4.908911161731208
168.0	4.908911161731208
168.5	4.908911161731208
169.0	4.908911161731208
169.5	4.282772218073189
170.0	4.282772218073189
170.5	4.282772218073189
171.0	4.282772218073189
171.5	4.282772218073189
