0	2.8295875486381323
0.5	2.8295875486381323
1	2.854678899082569
1.5	2.846961832061069
2	2.7883682771194165
2.5	2.7883682771194165
3	2.792610687022901
3.5	2.792610687022901
4	2.8657948173213565
4.5	2.873181510710259
5	2.9205131410958316
5.5	2.9264896265560165
6.0	2.9264896265560165
6.5	2.887643294758339
7.0	2.887643294758339
7.5	2.887643294758339
8.0	2.887643294758339
8.5	2.887643294758339
9.0	2.887643294758339
9.5	2.8788081232492995
10.0	2.8788081232492995
10.5	2.8788081232492995
11.0	2.8788081232492995
11.5	2.8788081232492995
12.0	2.8788081232492995
12.5	2.8788081232492995
13.0	2.8788081232492995
13.5	2.8788081232492995
14.0	2.8788081232492995
14.5	2.8788081232492995
15	2.9082634489693313
15.5	2.9082634489693313
16.0	2.9082634489693313
16.5	2.9082634489693313
17.0	2.9082634489693313
17.5	2.9082634489693313
18.0	2.9082634489693313
18.5	2.9082634489693313
19.0	2.9082634489693313
19.5	2.9082634489693313
20.0	2.9082634489693313
20.5	2.9082634489693313
21	3.0484179523141655
21.5	3.0484179523141655
22.0	3.0484179523141655
22.5	3.0484179523141655
23.0	3.0484179523141655
23.5	3.0484179523141655
24.0	3.0484179523141655
24.5	3.0484179523141655
25.0	3.0484179523141655
25.5	3.0484179523141655
26.0	3.0484179523141655
26.5	3.0484179523141655
27	3.374722311396469
27.5	3.374722311396469
28.0	3.374722311396469
28.5	3.374722311396469
29.0	3.374722311396469
29.5	3.374722311396469
30.0	3.374722311396469
30.5	3.374722311396469
31.0	3.374722311396469
31.5	3.374722311396469
32	3.300168782673637
32.5	3.300168782673637
33.0	3.300168782673637
33.5	3.300168782673637
34.0	3.300168782673637
34.5	3.300168782673637
35.0	3.300168782673637
35.5	3.300168782673637
36.0	3.300168782673637
36.5	3.300168782673637
37.0	3.300168782673637
37.5	3.1729140665853235
38.0	3.1729140665853235
38.5	3.1729140665853235
39.0	3.1729140665853235
39.5	3.1729140665853235
40.0	3.1729140665853235
40.5	3.1729140665853235
41.0	3.1729140665853235
41.5	3.1729140665853235
42.0	3.1729140665853235
42.5	3.1729140665853235
43	3.142347101122887
43.5	3.1420274187230706
44.0	3.1420274187230706
44.5	3.1420274187230706
45.0	3.1420274187230706
45.5	3.1420274187230706
46.0	3.1420274187230706
46.5	3.1420274187230706
47.0	3.1420274187230706
47.5	3.1420274187230706
48.0	3.1420274187230706
48.5	3.441219824140687
49.0	3.441219824140687
49.5	3.441219824140687
50.0	3.441219824140687
50.5	3.441219824140687
51.0	3.441219824140687
51.5	3.441219824140687
52.0	3.441219824140687
52.5	3.441219824140687
53.0	3.441219824140687
53.5	3.2727854422344476
54.0	3.2727854422344476
54.5	3.2727854422344476
55.0	3.2727854422344476
55.5	3.2727854422344476
56	3.05024192854068
56.5	3.05024192854068
57.0	3.05024192854068
57.5	3.05024192854068
58.0	3.05024192854068
58.5	2.1286810344827587
59.0	2.1286810344827587
59.5	2.1286810344827587
60.0	2.1286810344827587
60.5	2.1286810344827587
61.0	2.1286810344827587
61.5	2.1286810344827587
62	2.1296945244956773
62.5	2.1296945244956773
63.0	2.1296945244956773
63.5	2.1296945244956773
64.0	2.1296945244956773
64.5	2.1296945244956773
65.0	2.1296945244956773
65.5	2.172346322588347
66	2.1739811033221583
66.5	2.1739811033221583
67.0	2.1739811033221583
67.5	2.1739811033221583
68.0	2.1739811033221583
68.5	2.1739811033221583
69	2.9757975077881618
69.5	2.9757975077881618
70.0	2.9757975077881618
70.5	2.9757975077881618
71.0	2.9757975077881618
71.5	2.968353728910581
72	2.968266768876964
72.5	2.968266768876964
73.0	2.968266768876964
73.5	2.968266768876964
74.0	2.968266768876964
74.5	2.9633050847457625
75.0	2.9633050847457625
75.5	2.9633050847457625
76.0	2.9633050847457625
76.5	2.9633050847457625
77	2.9178748984565397
77.5	2.9178748984565397
78.0	2.9178748984565397
78.5	2.9178748984565397
79.0	2.9178748984565397
79.5	2.8966746602717826
80.0	2.8966746602717826
80.5	2.8966746602717826
81.0	2.8966746602717826
81.5	2.8966746602717826
82	2.899929966329966
82.5	2.899929966329966
83.0	2.899929966329966
83.5	2.899929966329966
84.0	2.899929966329966
84.5	2.899929966329966
85	2.9259893873613123
85.5	2.9259893873613123
86.0	2.9259893873613123
86.5	2.9259893873613123
87	3.0216134936313677
87.5	3.0229973446627723
88.0	3.0229973446627723
88.5	3.0229973446627723
89.0	3.0229973446627723
89.5	3.0229973446627723
90.0	3.0229973446627723
90.5	3.0229973446627723
91.0	3.0229973446627723
91.5	3.0229973446627723
92.0	3.0229973446627723
92.5	3.0229973446627723
93	2.74767814632598
93.5	2.74767814632598
94.0	2.74767814632598
94.5	2.74767814632598
95.0	2.74767814632598
95.5	2.74767814632598
96.0	2.74767814632598
96.5	2.74767814632598
97.0	2.74767814632598
97.5	2.74767814632598
98.0	2.74767814632598
98.5	2.74767814632598
99.0	2.74767814632598
99.5	2.8326983914209114
100.0	2.8326983914209114
100.5	2.8326983914209114
101.0	2.8326983914209114
101.5	2.8326983914209114
102.0	2.8326983914209114
102.5	2.8326983914209114
103.0	2.8326983914209114
103.5	2.8326983914209114
104.0	2.8326983914209114
104.5	2.8326983914209114
105.0	2.8326983914209114
105.5	3.152231884057971
106.0	3.152231884057971
106.5	3.152231884057971
107.0	3.152231884057971
107.5	3.152231884057971
108.0	3.152231884057971
108.5	3.152231884057971
109.0	3.152231884057971
109.5	3.152231884057971
110.0	3.152231884057971
110.5	3.152231884057971
111	3.2653859910581224
111.5	3.2653859910581224
112.0	3.2653859910581224
112.5	3.2653859910581224
113.0	3.2653859910581224
113.5	3.2653859910581224
114.0	3.2653859910581224
114.5	3.2653859910581224
115.0	3.2653859910581224
115.5	3.2653859910581224
116.0	3.2653859910581224
116.5	3.3008432544840134
117.0	3.3008432544840134
117.5	3.3008432544840134
118.0	3.3008432544840134
118.5	3.3008432544840134
119.0	3.3008432544840134
119.5	3.3008432544840134
120	3.0182335434294263
120.5	3.014486962908557
121.0	3.014486962908557
121.5	3.014486962908557
122.0	3.014486962908557
122.5	3.014486962908557
123	2.926951937984496
123.5	2.926951937984496
124.0	2.926951937984496
124.5	2.926951937984496
125.0	2.926951937984496
125.5	2.9247262486989425
126	2.9246218655967904
126.5	2.9246218655967904
127.0	2.9246218655967904
127.5	2.9246218655967904
128	3.146980720871752
128.5	3.146980720871752
129.0	3.146980720871752
129.5	3.146980720871752
130	3.2268585199487845
130.5	3.230808888888889
131.0	3.230808888888889
131.5	3.230808888888889
132.0	3.230808888888889
132.5	3.2315000941087897
133.0	3.2315000941087897
133.5	3.2315000941087897
134.0	3.2315000941087897
134.5	3.2315000941087897
135.0	3.2315000941087897
135.5	3.2315000941087897
136.0	3.2315000941087897
136.5	3.2315000941087897
137.0	3.2315000941087897
137.5	3.2315000941087897
138	3.507574963609898
138.5	3.507574963609898
139.0	3.507574963609898
139.5	3.507574963609898
140.0	3.507574963609898
140.5	3.507574963609898
141.0	3.507574963609898
141.5	3.507574963609898
142.0	3.507574963609898
142.5	3.507574963609898
143	3.457967550455085
143.5	3.457967550455085
144.0	3.457967550455085
144.5	3.457967550455085
145.0	3.457967550455085
145.5	3.457967550455085
146.0	3.457967550455085
146.5	3.457967550455085
147.0	3.457967550455085
147.5	3.457967550455085
148	3.4502894308943093
148.5	3.4502894308943093
149.0	3.4502894308943093
149.5	3.4502894308943093
150.0	3.4502894308943093
150.5	3.4502894308943093
151.0	3.4502894308943093
151.5	3.4502894308943093
152.0	3.4502894308943093
152.5	3.4502894308943093
153	3.3010070658237263
153.5	3.3010070658237263
154.0	3.3010070658237263
154.5	3.3010070658237263
155.0	3.3010070658237263
155.5	3.3010070658237263
156.0	3.3010070658237263
156.5	3.3010070658237263
157.0	3.3010070658237263
157.5	3.3010070658237263
158.0	3.3010070658237263
158.5	3.0259166963332147
159.0	3.0259166963332147
159.5	3.0259166963332147
160.0	3.0259166963332147
160.5	3.0259166963332147
161.0	3.0259166963332147
161.5	3.0259166963332147
162.0	3.0259166963332147
162.5	3.0259166963332147
163.0	3.0259166963332147
163.5	3.0259166963332147
164	2.999736557849429
164.5	2.9993404539385846
165.0	2.9993404539385846
165.5	2.9993404539385846
166.0	2.9993404539385846
166.5	2.9993404539385846
167.0	2.9993404539385846
167.5	2.9993404539385846
168.0	2.9993404539385846
168.5	2.9993404539385846
169.0	2.9993404539385846
169.5	2.9993404539385846
170.0	2.9993404539385846
170.5	2.7699717514124296
171.0	2.7699717514124296
171.5	2.7699717514124296
172.0	2.7699717514124296
172.5	2.7699717514124296
173.0	2.7699717514124296
173.5	2.7699717514124296
174.0	2.7699717514124296
174.5	2.7699717514124296
175.0	2.7699717514124296
175.5	2.7699717514124296
176	2.747660847880299
176.5	2.747660847880299
177.0	2.747660847880299
177.5	2.7440856817863706
178	2.7438717067583047
178.5	2.7438717067583047
179.0	2.7438717067583047
