0	4.265126099706745
0.5	4.2624657534246575
1	4.201341317365269
1.5	4.174716017280084
2	4.17352027027027
2.5	4.17352027027027
3	4.204965517241379
3.5	4.204965517241379
4	4.177616688396349
4.5	4.177616688396349
5.0	4.177616688396349
5.5	3.885700135074291
6.0	3.885700135074291
6.5	3.885700135074291
7.0	3.885700135074291
7.5	3.885700135074291
8.0	3.885700135074291
8.5	3.885700135074291
9.0	3.885700135074291
9.5	3.885700135074291
10	4.098741834451902
10.5	4.098741834451902
11.0	4.098741834451902
11.5	4.098741834451902
12.0	4.098741834451902
12.5	4.098741834451902
13.0	4.098741834451902
13.5	4.098741834451902
14.0	4.098741834451902
14.5	3.5249200428724543
15.0	3.5249200428724543
15.5	3.5249200428724543
16.0	3.5249200428724543
16.5	3.5249200428724543
17.0	3.5249200428724543
17.5	3.5249200428724543
18.0	3.5249200428724543
18.5	3.5249200428724543
19.0	3.5249200428724543
19.5	3.9611065966674275
20.0	3.9611065966674275
20.5	3.9611065966674275
21.0	3.9611065966674275
21.5	3.9611065966674275
22.0	3.9611065966674275
22.5	3.9611065966674275
23.0	3.9611065966674275
23.5	3.9611065966674275
24	2.6983513345747983
24.5	2.6983513345747983
25.0	2.6983513345747983
25.5	2.6983513345747983
26.0	2.6983513345747983
26.5	2.6983513345747983
27.0	2.6983513345747983
27.5	2.6983513345747983
28.0	2.6983513345747983
28.5	2.6983513345747983
29.0	2.6983513345747983
29.5	2.6983513345747983
30.0	2.6983513345747983
30.5	3.9142694903420994
31.0	3.9142694903420994
31.5	3.9142694903420994
32.0	3.9142694903420994
32.5	3.9142694903420994
33.0	3.9142694903420994
33.5	3.9142694903420994
34.0	3.9142694903420994
34.5	3.9142694903420994
35	4.1629072067828545
35.5	4.1629072067828545
36.0	4.1629072067828545
36.5	4.1629072067828545
37.0	4.1629072067828545
37.5	4.1629072067828545
38.0	4.1629072067828545
38.5	4.1629072067828545
39	4.574769540085448
39.5	4.574769540085448
40.0	4.574769540085448
40.5	4.574769540085448
41.0	4.574769540085448
41.5	4.574769540085448
42.0	4.574769540085448
42.5	4.574769540085448
43	4.421845911103106
43.5	4.409893347993403
44.0	4.409893347993403
44.5	4.409893347993403
45.0	4.409893347993403
45.5	4.409893347993403
46.0	4.409893347993403
46.5	4.409893347993403
47	4.482005205622072
47.5	4.482005205622072
48.0	4.482005205622072
48.5	4.482005205622072
49.0	4.482005205622072
49.5	4.482005205622072
50.0	4.482005205622072
50.5	4.482005205622072
51	4.032917657419639
51.5	4.032917657419639
52.0	4.032917657419639
52.5	4.032917657419639
53.0	4.032917657419639
53.5	4.032917657419639
54.0	4.032917657419639
54.5	4.032917657419639
55.0	4.032917657419639
55.5	3.8432694191742476
56.0	3.8432694191742476
56.5	3.8432694191742476
57.0	3.8432694191742476
57.5	3.8432694191742476
58.0	3.8432694191742476
58.5	3.8432694191742476
59.0	3.8432694191742476
59.5	3.8432694191742476
60	3.886634872019252
60.5	3.886634872019252
61.0	3.886634872019252
61.5	3.886634872019252
62.0	3.886634872019252
62.5	3.886634872019252
63.0	3.886634872019252
63.5	3.886634872019252
64.0	3.886634872019252
64.5	4.064362053798733
65	4.0693
65.5	4.0693
66.0	4.0693
66.5	4.0693
67.0	4.0693
67.5	4.0693
68.0	4.0693
68.5	4.0693
69	4.27961814843955
69.5	4.27961814843955
70.0	4.27961814843955
70.5	4.27961814843955
71.0	4.27961814843955
71.5	4.27961814843955
72.0	4.27961814843955
72.5	4.27961814843955
73	4.6406588486140725
73.5	4.6406588486140725
74.0	4.6406588486140725
74.5	4.6406588486140725
75.0	4.6406588486140725
75.5	4.6406588486140725
76.0	4.6406588486140725
76.5	4.6679210806959075
77	4.668255319148936
77.5	4.668255319148936
78.0	4.668255319148936
78.5	4.668255319148936
79.0	4.668255319148936
79.5	4.668255319148936
80.0	4.668255319148936
80.5	4.678114815473132
81	4.678855507868383
81.5	4.678855507868383
82.0	4.678855507868383
82.5	4.678855507868383
83.0	4.678855507868383
83.5	4.678855507868383
84.0	4.678855507868383
84.5	4.444695121951219
85.0	4.444695121951219
85.5	4.444695121951219
86.0	4.444695121951219
86.5	4.444695121951219
87.0	4.444695121951219
87.5	4.444695121951219
88.0	4.444695121951219
88.5	4.526161784466542
89.0	4.526161784466542
89.5	4.526161784466542
90.0	4.526161784466542
90.5	4.526161784466542
91.0	4.526161784466542
91.5	4.526161784466542
92	4.5547937155753
92.5	4.555432374613739
93.0	4.555432374613739
93.5	4.555432374613739
94.0	4.555432374613739
94.5	4.555432374613739
95.0	4.555432374613739
95.5	4.555432374613739
96.0	4.555432374613739
96.5	4.437801406469761
97.0	4.437801406469761
97.5	4.437801406469761
98.0	4.437801406469761
98.5	4.437801406469761
99.0	4.437801406469761
99.5	4.437801406469761
100	4.139857454545455
100.5	4.139857454545455
101.0	4.139857454545455
101.5	4.139857454545455
102.0	4.139857454545455
102.5	4.139857454545455
103.0	4.139857454545455
103.5	4.139857454545455
104.0	4.139857454545455
104.5	4.261166625646074
105.0	4.261166625646074
105.5	4.261166625646074
106.0	4.261166625646074
106.5	4.261166625646074
107.0	4.261166625646074
107.5	4.261166625646074
108.0	4.261166625646074
108.5	4.521407863064991
109.0	4.521407863064991
109.5	4.521407863064991
110.0	4.521407863064991
110.5	4.521407863064991
111.0	4.521407863064991
111.5	4.521407863064991
112	4.459512950054513
112.5	4.458436948624805
113.0	4.458436948624805
113.5	4.458436948624805
114.0	4.458436948624805
114.5	4.458436948624805
115.0	4.458436948624805
115.5	4.458436948624805
116	4.24306114173164
116.5	4.229872586872587
117.0	4.229872586872587
117.5	4.229872586872587
118.0	4.229872586872587
118.5	4.229872586872587
119.0	4.229872586872587
119.5	4.229872586872587
120.0	4.229872586872587
120.5	4.228869163199261
121.0	4.228869163199261
121.5	4.228869163199261
122.0	4.228869163199261
122.5	4.228869163199261
123.0	4.228869163199261
123.5	4.228869163199261
124.0	4.228869163199261
124.5	4.228869163199261
125	4.211290145985401
125.5	4.211290145985401
126.0	4.211290145985401
126.5	4.211290145985401
127.0	4.211290145985401
127.5	4.211290145985401
128.0	4.211290145985401
128.5	4.211290145985401
129.0	4.211290145985401
129.5	4.157959757575758
130.0	4.157959757575758
130.5	4.157959757575758
131.0	4.157959757575758
131.5	4.157959757575758
132.0	4.157959757575758
132.5	4.157959757575758
133.0	4.157959757575758
133.5	4.009986422976501
134.0	4.009986422976501
134.5	4.009986422976501
135.0	4.009986422976501
135.5	4.009986422976501
136.0	4.009986422976501
136.5	4.009986422976501
137.0	4.009986422976501
137.5	4.090413333333333
138.0	4.090413333333333
138.5	4.090413333333333
139.0	4.090413333333333
139.5	4.090413333333333
140.0	4.090413333333333
140.5	4.090413333333333
141.0	4.090413333333333
141.5	4.090413333333333
142	4.131403678606002
142.5	4.131403678606002
143.0	4.131403678606002
143.5	4.131403678606002
144.0	4.131403678606002
144.5	4.131403678606002
145.0	4.131403678606002
145.5	4.131403678606002
146	4.213241717791411
146.5	4.213241717791411
147.0	4.213241717791411
147.5	4.213241717791411
148.0	4.213241717791411
148.5	4.213241717791411
149.0	4.213241717791411
149.5	4.213241717791411
150	4.466603960516569
150.5	4.4742514588859414
151.0	4.4742514588859414
151.5	4.4742514588859414
152.0	4.4742514588859414
152.5	4.4742514588859414
153.0	4.4742514588859414
153.5	4.4742514588859414
154	4.3764309000994235
154.5	4.368049987503125
155.0	4.368049987503125
155.5	4.368049987503125
156.0	4.368049987503125
156.5	4.368049987503125
157.0	4.368049987503125
157.5	4.368049987503125
158.0	4.368049987503125
158.5	4.271621540010066
159.0	4.271621540010066
159.5	4.271621540010066
160.0	4.271621540010066
160.5	4.271621540010066
161.0	4.271621540010066
161.5	4.271621540010066
162.0	4.271621540010066
162.5	4.552004102564102
163.0	4.552004102564102
163.5	4.552004102564102
164.0	4.552004102564102
164.5	4.552004102564102
165.0	4.552004102564102
165.5	4.552004102564102
166.0	4.552004102564102
166.5	4.539279038718291
167.0	4.539279038718291
167.5	4.539279038718291
168.0	4.539279038718291
168.5	4.539279038718291
169.0	4.539279038718291
169.5	4.539279038718291
170.0	4.539279038718291
170.5	4.332702025072324
171.0	4.332702025072324
171.5	4.332702025072324
172.0	4.332702025072324
172.5	4.332702025072324
173.0	4.332702025072324
173.5	4.332702025072324
174.0	4.332702025072324
174.5	4.171528848710449
175.0	4.171528848710449
175.5	4.171528848710449
176.0	4.171528848710449
176.5	4.171528848710449
177.0	4.171528848710449
177.5	4.171528848710449
178.0	4.171528848710449
178.5	3.8542579923988374
179.0	3.8542579923988374
179.5	3.8542579923988374
180.0	3.8542579923988374
180.5	3.8542579923988374
181.0	3.8542579923988374
181.5	3.8542579923988374
182.0	3.8542579923988374
182.5	3.8542579923988374
183	4.140528519855596
183.5	4.140528519855596
184.0	4.140528519855596
184.5	4.140528519855596
185.0	4.140528519855596
