0	0.4405961829748561
0.5	0.4405961829748561
1.0	0.4405961829748561
1.5	0.4405961829748561
2.0	0.4405961829748561
2.5	0.4405961829748561
3.0	0.4405961829748561
3.5	0.4423455385249287
4	0.4424600071098471
4.5	0.4424600071098471
5.0	0.4424600071098471
5.5	0.4424600071098471
6.0	0.4424600071098471
6.5	0.5252345673924094
7	0.5307666034155598
7.5	0.5307666034155598
8.0	0.5307666034155598
8.5	0.5307666034155598
9	0.7125822349570201
9.5	0.7125822349570201
10.0	0.7125822349570201
10.5	0.7125822349570201
11	0.7044913793103449
11.5	0.7044913793103449
12.0	0.7044913793103449
12.5	0.7044913793103449
13	0.7001469161469162
13.5	0.7001469161469162
14.0	0.7001469161469162
14.5	0.6944280860702151
15.0	0.6944280860702151
15.5	0.6944280860702151
16.0	0.6944280860702151
16.5	0.6341960784313726
17.0	0.6341960784313726
17.5	0.6341960784313726
18.0	0.6341960784313726
18.5	0.63870764637399
19	0.6389401165871754
19.5	0.6389401165871754
20.0	0.6389401165871754
20.5	0.6665796890660156
21	0.6679711884753902
21.5	0.6679711884753902
22.0	0.6679711884753902
22.5	0.6309114515710205
23.0	0.6309114515710205
23.5	0.6309114515710205
24.0	0.6309114515710205
24.5	0.6309114515710205
25.0	0.6309114515710205
25.5	0.6309114515710205
26.0	0.6309114515710205
26.5	0.6309114515710205
27.0	0.6309114515710205
27.5	0.6309114515710205
28.0	0.6309114515710205
28.5	0.6309114515710205
29.0	0.6309114515710205
29.5	0.6309114515710205
30.0	0.6309114515710205
30.5	0.576228625264976
31.0	0.576228625264976
31.5	0.576228625264976
32.0	0.576228625264976
32.5	0.576228625264976
33.0	0.576228625264976
33.5	0.576228625264976
34.0	0.576228625264976
34.5	0.576228625264976
35.0	0.576228625264976
35.5	0.576228625264976
36.0	0.576228625264976
36.5	0.576228625264976
37.0	0.576228625264976
37.5	0.576228625264976
38.0	0.576228625264976
38.5	0.576228625264976
39.0	0.576228625264976
39.5	0.576228625264976
40.0	0.576228625264976
40.5	0.576228625264976
41.0	0.576228625264976
41.5	0.576228625264976
42.0	0.576228625264976
42.5	0.576228625264976
43.0	0.576228625264976
43.5	0.6656149068322982
44.0	0.6656149068322982
44.5	0.6656149068322982
45.0	0.6656149068322982
45.5	0.7068343980343981
46.0	0.7068343980343981
46.5	0.7068343980343981
47.0	0.7068343980343981
47.5	0.6461407151095732
48.0	0.6461407151095732
48.5	0.6461407151095732
49.0	0.6461407151095732
49.5	0.6133614190687362
50.0	0.6133614190687362
50.5	0.6133614190687362
51.0	0.6133614190687362
51.5	0.6242914627514954
52.0	0.6242914627514954
52.5	0.6242914627514954
53.0	0.6242914627514954
53.5	0.6913123262279889
54.0	0.6913123262279889
54.5	0.6913123262279889
55.0	0.6913123262279889
55.5	0.6913123262279889
56.0	0.6913123262279889
56.5	0.6913123262279889
57.0	0.6913123262279889
57.5	0.6913123262279889
58	0.6890566999362923
58.5	0.6890566999362923
59.0	0.6890566999362923
59.5	0.6890566999362923
60.0	0.6890566999362923
60.5	0.6890566999362923
61.0	0.6890566999362923
61.5	0.6890566999362923
62.0	0.6890566999362923
62.5	0.6890566999362923
63	0.6668507489622811
63.5	0.6668507489622811
64.0	0.6668507489622811
64.5	0.6668507489622811
65.0	0.6668507489622811
65.5	0.6668507489622811
66.0	0.6668507489622811
66.5	0.6668507489622811
67.0	0.6668507489622811
67.5	0.6668507489622811
68.0	0.6668507489622811
68.5	0.6668507489622811
69.0	0.6668507489622811
69.5	0.6668507489622811
70.0	0.6668507489622811
70.5	0.6668507489622811
71.0	0.6668507489622811
71.5	0.6668507489622811
72.0	0.6668507489622811
72.5	0.6668507489622811
73.0	0.6668507489622811
73.5	0.6668507489622811
74	0.6612500002088232
74.5	0.6610943396226415
75.0	0.6610943396226415
75.5	0.6610943396226415
76.0	0.6610943396226415
76.5	0.6534658385093167
77.0	0.6534658385093167
77.5	0.6534658385093167
78.0	0.6534658385093167
78.5	0.5517105595288179
79.0	0.5517105595288179
79.5	0.5517105595288179
80.0	0.5517105595288179
80.5	0.5517105595288179
81	0.6772644526445265
81.5	0.6772644526445265
82.0	0.6772644526445265
82.5	0.6772644526445265
83	0.6777834274952919
83.5	0.6777834274952919
84.0	0.6777834274952919
84.5	0.6777834274952919
85.0	0.6777834274952919
85.5	0.6777834274952919
86.0	0.6777834274952919
86.5	0.6777834274952919
87	0.6780175796223871
87.5	0.6780357142857143
88.0	0.6780357142857143
88.5	0.6780357142857143
89.0	0.6780357142857143
89.5	0.6780357142857143
90.0	0.6780357142857143
90.5	0.6780357142857143
91.0	0.6780357142857143
91.5	0.6780357142857143
92	0.7146974402014268
92.5	0.7146974402014268
93.0	0.7146974402014268
93.5	0.7146974402014268
94.0	0.7146974402014268
94.5	0.7146974402014268
95.0	0.7146974402014268
95.5	0.7146974402014268
96.0	0.7146974402014268
96.5	0.7146974402014268
97	0.7600848443380089
97.5	0.7600848443380089
98.0	0.7600848443380089
98.5	0.7600848443380089
99.0	0.7600848443380089
99.5	0.7600848443380089
100	0.8089795918367347
100.5	0.8089795918367347
101.0	0.8089795918367347
101.5	0.8112171772402381
102	0.8115942818243703
102.5	0.8115942818243703
103.0	0.8115942818243703
103.5	0.7018049830821286
104.0	0.7018049830821286
104.5	0.7018049830821286
105.0	0.7018049830821286
105.5	0.7018049830821286
106.0	0.7018049830821286
106.5	0.7018049830821286
107.0	0.7018049830821286
107.5	0.7018049830821286
108.0	0.7018049830821286
108.5	0.7018049830821286
109.0	0.7018049830821286
109.5	0.7018049830821286
110	0.5172135744767323
110.5	0.5172135744767323
111.0	0.5172135744767323
111.5	0.5172135744767323
112.0	0.5172135744767323
112.5	0.5172135744767323
113.0	0.5172135744767323
113.5	0.5172135744767323
114.0	0.5172135744767323
114.5	0.5172135744767323
115.0	0.5172135744767323
115.5	0.5172135744767323
116.0	0.5172135744767323
116.5	0.5172135744767323
117.0	0.5172135744767323
117.5	0.5172135744767323
118.0	0.5172135744767323
118.5	0.5172135744767323
119.0	0.5172135744767323
119.5	0.5172135744767323
120.0	0.5172135744767323
120.5	0.5172135744767323
121.0	0.5172135744767323
121.5	0.5172135744767323
122.0	0.5172135744767323
122.5	0.5172135744767323
123.0	0.5172135744767323
123.5	0.5172135744767323
124.0	0.5172135744767323
124.5	0.5172135744767323
125	0.4274222057185295
125.5	0.4274222057185295
126.0	0.4274222057185295
126.5	0.4274222057185295
127.0	0.4274222057185295
127.5	0.38871510793897
128	0.3854811320754717
128.5	0.3854811320754717
129.0	0.3854811320754717
129.5	0.3854811320754717
130.0	0.3854811320754717
130.5	0.3854811320754717
131.0	0.3854811320754717
131.5	0.340523142653691
132.0	0.340523142653691
132.5	0.340523142653691
133.0	0.340523142653691
133.5	0.340523142653691
134.0	0.340523142653691
134.5	0.340523142653691
135.0	0.340523142653691
135.5	0.332137999822432
136	0.33177178423236514
136.5	0.33177178423236514
137.0	0.33177178423236514
137.5	0.33177178423236514
138.0	0.33177178423236514
138.5	0.33177178423236514
139.0	0.33177178423236514
139.5	0.33177178423236514
140	0.33445997458703935
140.5	0.33445997458703935
141.0	0.33445997458703935
141.5	0.33445997458703935
142.0	0.33445997458703935
142.5	0.33445997458703935
143	0.4117891076418373
143.5	0.4182495784148398
144.0	0.4182495784148398
144.5	0.4182495784148398
145.0	0.4182495784148398
145.5	0.4182495784148398
146	0.46477325815545706
146.5	0.46477325815545706
147.0	0.46477325815545706
147.5	0.46477325815545706
148.0	0.46477325815545706
148.5	0.5036578457086851
149	0.5060851961197806
149.5	0.5060851961197806
150.0	0.5060851961197806
150.5	0.5060851961197806
151	0.591872
151.5	0.591872
152.0	0.591872
152.5	0.591872
153	0.5876538755042205
153.5	0.5872362811791384
154.0	0.5872362811791384
154.5	0.5872362811791384
155.0	0.5872362811791384
155.5	0.5979131722563695
156	0.5988041237113403
156.5	0.5988041237113403
157.0	0.5988041237113403
157.5	0.5988041237113403
158	0.5970099610220875
158.5	0.5970099610220875
159.0	0.5970099610220875
159.5	0.5970099610220875
160	0.48645454143809386
160.5	0.4766869772998805
161.0	0.4766869772998805
161.5	0.4766869772998805
162.0	0.4766869772998805
162.5	0.4766869772998805
163.0	0.4766869772998805
163.5	0.4766869772998805
164.0	0.4766869772998805
164.5	0.4766869772998805
165.0	0.4766869772998805
165.5	0.4766869772998805
166.0	0.4766869772998805
166.5	0.4766869772998805
167	0.5332348601676439
167.5	0.5349660901538881
168.0	0.5349660901538881
168.5	0.5349660901538881
169.0	0.5349660901538881
169.5	0.5349660901538881
170.0	0.5349660901538881
170.5	0.5349660901538881
171.0	0.5349660901538881
171.5	0.5349660901538881
172.0	0.5349660901538881
172.5	0.5349660901538881
173.0	0.5349660901538881
173.5	0.5349660901538881
174.0	0.5349660901538881
174.5	0.5349660901538881
175.0	0.5349660901538881
175.5	0.5349660901538881
176.0	0.5349660901538881
176.5	0.5349660901538881
177.0	0.5349660901538881
177.5	0.5349660901538881
178.0	0.5349660901538881
178.5	0.5349660901538881
179.0	0.5349660901538881
179.5	0.5349660901538881
180.0	0.5349660901538881
180.5	0.5349660901538881
181.0	0.5349660901538881
181.5	0.5349660901538881
182	0.543505928853755
182.5	0.543505928853755
183.0	0.543505928853755
183.5	0.543505928853755
184	0.5424604590135655
184.5	0.542282770463652
185.0	0.542282770463652
185.5	0.542282770463652
186.0	0.542282770463652
186.5	0.5417129071170084
187.0	0.5417129071170084
187.5	0.5417129071170084
