0	3.16175652173913
0.5	3.1814265475183663
1	3.1277346051116868
1.5	3.1114146341463416
2	3.1145849882465027
2.5	3.114908350305499
3	3.1079210860100477
3.5	3.1070743604997024
4.0	3.1070743604997024
4.5	3.1070743604997024
5	3.103372397094431
5.5	3.103372397094431
6.0	3.103372397094431
6.5	3.103372397094431
7	3.097208778271659
7.5	3.097101325352715
8.0	3.097101325352715
8.5	3.097101325352715
9.0	3.097101325352715
9.5	3.1031075347476227
10.0	3.1031075347476227
10.5	3.1031075347476227
11.0	3.1031075347476227
11.5	3.1031075347476227
12.0	3.1031075347476227
12.5	3.1139497946143315
13.0	3.1139497946143315
13.5	3.1139497946143315
14.0	3.1139497946143315
14.5	3.1049504673734933
15	3.1045027600849258
15.5	3.1045027600849258
16.0	3.1045027600849258
16.5	3.1045027600849258
17	3.1083618162316764
17.5	3.1083618162316764
18.0	3.1083618162316764
18.5	3.1083618162316764
19.0	3.1083618162316764
19.5	3.1083618162316764
20.0	3.1083618162316764
20.5	3.1083618162316764
21.0	3.1083618162316764
21.5	3.1083618162316764
22.0	3.1083618162316764
22.5	3.1083618162316764
23	3.090137056770163
23.5	3.090137056770163
24.0	3.090137056770163
24.5	3.090137056770163
25.0	3.090137056770163
25.5	3.090137056770163
26.0	3.090137056770163
26.5	3.090137056770163
27.0	3.090137056770163
27.5	3.090137056770163
28.0	3.090137056770163
28.5	3.035497853340203
29.0	3.035497853340203
29.5	3.035497853340203
30.0	3.035497853340203
30.5	3.035497853340203
31.0	3.035497853340203
31.5	3.035497853340203
32.0	3.035497853340203
32.5	3.035497853340203
33.0	3.035497853340203
33.5	3.035497853340203
34	3.0794092888415685
34.5	3.0800351945854487
35.0	3.0800351945854487
35.5	3.0800351945854487
36.0	3.0800351945854487
36.5	3.0800351945854487
37.0	3.0800351945854487
37.5	3.0800351945854487
38.0	3.0800351945854487
38.5	3.0800351945854487
39.0	3.0800351945854487
39.5	3.0800351945854487
40	3.0845730694780507
40.5	3.0846360315323977
41.0	3.0846360315323977
41.5	3.0846360315323977
42.0	3.0846360315323977
42.5	3.0846360315323977
43.0	3.0846360315323977
43.5	3.0846360315323977
44.0	3.0846360315323977
44.5	3.0846360315323977
45.0	3.0846360315323977
45.5	3.1070088346655447
46.0	3.1070088346655447
46.5	3.1070088346655447
47.0	3.1070088346655447
47.5	3.1070088346655447
48	3.123421647819063
48.5	3.123421647819063
49.0	3.123421647819063
49.5	3.123421647819063
50.0	3.123421647819063
50.5	3.1159683377308705
51.0	3.1159683377308705
51.5	3.1159683377308705
52.0	3.1159683377308705
52.5	3.1159683377308705
53	3.1657307692307692
53.5	3.1657307692307692
54.0	3.1657307692307692
54.5	3.1657307692307692
55.0	3.1657307692307692
55.5	3.1716909871244634
56.0	3.1716909871244634
56.5	3.1716909871244634
57.0	3.1716909871244634
57.5	3.1716909871244634
58	3.1645217391304348
58.5	3.1645217391304348
59.0	3.1645217391304348
59.5	3.1645217391304348
60.0	3.1645217391304348
60.5	3.176319587628866
61.0	3.176319587628866
61.5	3.176319587628866
62	3.176459392945037
62.5	3.176459392945037
63.0	3.176459392945037
63.5	3.176459392945037
64.0	3.176459392945037
64.5	2.9517328519855597
65.0	2.9517328519855597
65.5	2.9517328519855597
66.0	2.9517328519855597
66.5	2.9517328519855597
67.0	2.9517328519855597
67.5	2.9517328519855597
68.0	2.9517328519855597
68.5	2.9517328519855597
69.0	2.9517328519855597
69.5	2.9517328519855597
70	1.9950188162846392
70.5	1.9950188162846392
71.0	1.9950188162846392
71.5	1.9950188162846392
72.0	1.9950188162846392
72.5	1.9950188162846392
73.0	1.9950188162846392
73.5	1.9950188162846392
74.0	1.9950188162846392
74.5	1.9950188162846392
75.0	1.9950188162846392
75.5	1.9950188162846392
76.0	1.9950188162846392
76.5	1.9950188162846392
77.0	1.9950188162846392
77.5	1.9950188162846392
78.0	1.9950188162846392
78.5	1.9950188162846392
79	2.198100756982511
79.5	2.198100756982511
80.0	2.198100756982511
80.5	2.198100756982511
81.0	2.198100756982511
81.5	2.198100756982511
82.0	2.198100756982511
82.5	2.198100756982511
83.0	2.198100756982511
83.5	2.198100756982511
84.0	2.198100756982511
84.5	2.198100756982511
85.0	2.198100756982511
85.5	2.198100756982511
86.0	2.198100756982511
86.5	2.191550127226463
87.0	2.191550127226463
87.5	2.191550127226463
88.0	2.191550127226463
88.5	2.191550127226463
89.0	2.191550127226463
89.5	2.191550127226463
90.0	2.191550127226463
90.5	2.3842672955974846
91.0	2.3842672955974846
91.5	2.3842672955974846
92.0	2.3842672955974846
92.5	2.3842672955974846
93	3.078690247848247
93.5	3.0931573926868046
94.0	3.0931573926868046
94.5	3.0931573926868046
95.0	3.0931573926868046
95.5	3.0931573926868046
96	2.749731595632265
96.5	2.749731595632265
97.0	2.749731595632265
97.5	2.749731595632265
98.0	2.749731595632265
98.5	2.556112439282288
99	2.552020452885318
99.5	2.552020452885318
100.0	2.552020452885318
100.5	2.552020452885318
101.0	2.552020452885318
101.5	3.057919102923508
102.0	3.057919102923508
102.5	3.057919102923508
103.0	3.057919102923508
103.5	3.057919102923508
104	3.1027589833479405
104.5	3.1027589833479405
105.0	3.1027589833479405
105.5	3.1027589833479405
106.0	3.1027589833479405
106.5	2.987962481962482
107.0	2.987962481962482
107.5	2.987962481962482
108.0	2.987962481962482
108.5	2.987962481962482
109.0	2.987962481962482
109.5	2.4057584994138335
110.0	2.4057584994138335
110.5	2.4057584994138335
111.0	2.4057584994138335
111.5	2.4057584994138335
112.0	2.4057584994138335
112.5	2.4057584994138335
113	2.5213809682804675
113.5	2.5213809682804675
114.0	2.5213809682804675
114.5	2.5213809682804675
115.0	2.5213809682804675
115.5	2.5213809682804675
116	2.7419186307896863
116.5	2.749503064592173
117.0	2.749503064592173
117.5	2.749503064592173
118.0	2.749503064592173
118.5	2.831202373104812
119.0	2.831202373104812
119.5	2.831202373104812
120.0	2.831202373104812
120.5	2.831202373104812
121.0	2.831202373104812
121.5	2.831202373104812
122.0	2.831202373104812
122.5	2.831202373104812
123.0	2.831202373104812
123.5	2.831202373104812
124.0	2.831202373104812
124.5	3.1807266629401902
125.0	3.1807266629401902
125.5	3.1807266629401902
126.0	3.1807266629401902
126.5	3.1807266629401902
127.0	3.1807266629401902
127.5	3.1807266629401902
128.0	3.1807266629401902
128.5	3.1807266629401902
129.0	3.1807266629401902
129.5	3.1807266629401902
130	3.1468035190615837
130.5	3.1468035190615837
131.0	3.1468035190615837
131.5	3.1468035190615837
132.0	3.1468035190615837
132.5	3.1468035190615837
133.0	3.1468035190615837
133.5	3.1468035190615837
134.0	3.1468035190615837
134.5	3.1468035190615837
135.0	3.1468035190615837
135.5	3.1254267185473408
136.0	3.1254267185473408
136.5	3.1254267185473408
137.0	3.1254267185473408
137.5	3.1254267185473408
138.0	3.1254267185473408
138.5	3.1254267185473408
139.0	3.1254267185473408
139.5	3.1254267185473408
140.0	3.1254267185473408
140.5	3.1254267185473408
141	3.0981329551497963
141.5	3.0981329551497963
142.0	3.0981329551497963
142.5	3.0981329551497963
143.0	3.0981329551497963
143.5	3.0981329551497963
144.0	3.0981329551497963
144.5	3.0981329551497963
145.0	3.0981329551497963
145.5	3.0981329551497963
146.0	3.0981329551497963
146.5	3.0977096123376118
147	3.097705109489051
147.5	3.097705109489051
148.0	3.097705109489051
148.5	3.097705109489051
149.0	3.097705109489051
149.5	3.097705109489051
150.0	3.097705109489051
150.5	3.097705109489051
151.0	3.097705109489051
151.5	3.097705109489051
152	3.1173556248735976
152.5	3.117811029153495
153.0	3.117811029153495
153.5	3.117811029153495
154.0	3.117811029153495
154.5	3.117811029153495
155.0	3.117811029153495
155.5	3.117811029153495
156.0	3.117811029153495
156.5	3.117811029153495
157.0	3.117811029153495
157.5	3.117811029153495
158	3.131258058574323
158.5	3.131258058574323
159.0	3.131258058574323
159.5	3.131258058574323
160.0	3.131258058574323
160.5	3.131258058574323
161.0	3.131258058574323
161.5	3.131258058574323
162.0	3.131258058574323
162.5	3.131258058574323
163.0	3.131258058574323
163.5	3.077373406521399
164	3.074772968349016
164.5	3.074772968349016
165.0	3.074772968349016
165.5	3.074772968349016
166.0	3.074772968349016
166.5	3.074772968349016
167.0	3.074772968349016
167.5	3.074772968349016
168.0	3.074772968349016
168.5	3.074772968349016
169.0	3.074772968349016
169.5	3.091868452827191
170	3.092061489948758
170.5	3.092061489948758
171.0	3.092061489948758
171.5	3.092061489948758
172.0	3.092061489948758
172.5	3.092061489948758
173.0	3.092061489948758
173.5	3.092061489948758
174.0	3.092061489948758
174.5	3.092061489948758
175	2.9662931865106676
175.5	2.9662931865106676
176.0	2.9662931865106676
176.5	2.9662931865106676
177.0	2.9662931865106676
177.5	2.9662931865106676
178.0	2.9662931865106676
178.5	2.9662931865106676
179.0	2.9662931865106676
179.5	2.9662931865106676
180.0	2.9662931865106676
180.5	2.9662931865106676
181	2.641470290188853
181.5	2.641470290188853
182.0	2.641470290188853
182.5	2.641470290188853
183.0	2.641470290188853
183.5	2.641470290188853
184.0	2.641470290188853
184.5	2.641470290188853
