0	0.5857462746677407
0.5	0.5857462746677407
1.0	0.5857462746677407
1.5	0.5857462746677407
2.0	0.5857462746677407
2.5	0.5857462746677407
3	0.7002859189227905
3.5	0.7002859189227905
4.0	0.7002859189227905
4.5	0.7002859189227905
5.0	0.7002859189227905
5.5	0.7002859189227905
6.0	0.7002859189227905
6.5	0.7002859189227905
7.0	0.7002859189227905
7.5	0.7002859189227905
8.0	0.7002859189227905
8.5	0.7002859189227905
9.0	0.7002859189227905
9.5	0.7002859189227905
10	1.5294256130790191
10.5	1.5294256130790191
11.0	1.5294256130790191
11.5	1.5294256130790191
12	1.5440888440181728
12.5	1.5440888440181728
13.0	1.5440888440181728
13.5	1.5440888440181728
14	3.1444864539434074
14.5	3.1444864539434074
15.0	3.1444864539434074
15.5	2.8944688551857727
16	2.88799639477242
16.5	2.88799639477242
17.0	2.88799639477242
17.5	2.88799639477242
18	3.798699528054536
18.5	3.798699528054536
19.0	3.798699528054536
19.5	3.798699528054536
20	2.5662117362371446
20.5	2.5662117362371446
21.0	2.5662117362371446
21.5	2.5662117362371446
22.0	2.5662117362371446
22.5	2.5662117362371446
23.0	2.5662117362371446
23.5	1.9856414435389989
24.0	1.9856414435389989
24.5	1.9856414435389989
25.0	1.9856414435389989
25.5	1.9856414435389989
26.0	1.9856414435389989
26.5	1.9856414435389989
27	2.5254245250431775
27.5	2.5254245250431775
28.0	2.5254245250431775
28.5	2.5254245250431775
29.0	2.5254245250431775
29.5	2.5254245250431775
30	5.464063953488372
30.5	5.464063953488372
31.0	5.464063953488372
31.5	5.641371252882398
32.0	5.641371252882398
32.5	4.3970663793861
33	4.301424190800682
33.5	4.301424190800682
34.0	4.301424190800682
34.5	3.769059473476595
35	3.6983193577163247
35.5	3.6983193577163247
36.0	3.6983193577163247
36.5	3.6983193577163247
37	8.819786695986807
37.5	8.819786695986807
38.0	8.819786695986807
38.5	8.819786695986807
39	9.22822293676313
39.5	9.22822293676313
40.0	9.22822293676313
40.5	9.22822293676313
41	7.689971452560873
41.5	7.689971452560873
42.0	7.689971452560873
42.5	7.689971452560873
43	5.899093535744525
43.5	5.809624823695345
44.0	5.809624823695345
44.5	5.809624823695345
45.0	5.809624823695345
45.5	5.809624823695345
46	5.70036441228281
46.5	5.697821680564465
47.0	5.697821680564465
47.5	5.697821680564465
48.0	5.697821680564465
48.5	5.697821680564465
49.0	5.697821680564465
49.5	5.6999775355137094
50.0	5.6999775355137094
50.5	5.6999775355137094
51.0	5.6999775355137094
51.5	5.6999775355137094
52.0	5.6999775355137094
52.5	4.984173488087966
53.0	4.984173488087966
53.5	4.984173488087966
54.0	4.984173488087966
54.5	4.984173488087966
55.0	4.984173488087966
55.5	4.984173488087966
56	4.242629629629629
56.5	4.242629629629629
57.0	4.242629629629629
57.5	4.242629629629629
58.0	4.242629629629629
58.5	4.242629629629629
59.0	4.242629629629629
59.5	4.242629629629629
60	4.238772939093771
60.5	4.2385041736227045
61.0	4.2385041736227045
61.5	4.2385041736227045
62.0	4.2385041736227045
62.5	4.2385041736227045
63.0	4.2385041736227045
63.5	4.2385041736227045
64.0	4.2385041736227045
64.5	3.929968757510214
65.0	3.929968757510214
65.5	3.929968757510214
66.0	3.929968757510214
66.5	3.929968757510214
67.0	3.929968757510214
67.5	3.929968757510214
68.0	3.929968757510214
68.5	7.3782169003335945
69	7.409707750952986
69.5	7.409707750952986
70.0	7.409707750952986
70.5	7.409707750952986
71	7.4389787985865725
71.5	7.4389787985865725
72.0	7.4389787985865725
72.5	7.4389787985865725
73.0	7.4389787985865725
73.5	7.433942591155935
74.0	7.433942591155935
74.5	7.433942591155935
75.0	7.433942591155935
75.5	7.433942591155935
76	7.438181989627534
76.5	7.438181989627534
77.0	7.438181989627534
77.5	7.438181989627534
78.0	7.438181989627534
78.5	8.534188905547225
79.0	8.534188905547225
79.5	8.534188905547225
80.0	8.534188905547225
80.5	7.271364972700546
81.0	7.271364972700546
81.5	7.271364972700546
82.0	7.271364972700546
82.5	7.271364972700546
83	6.653106650924833
83.5	6.653106650924833
84.0	6.653106650924833
84.5	6.653106650924833
85.0	6.653106650924833
85.5	6.641985311171241
86.0	6.641985311171241
86.5	6.641985311171241
87.0	6.641985311171241
87.5	6.641985311171241
88.0	6.641985311171241
88.5	6.642134141720349
89.0	6.642134141720349
89.5	6.642134141720349
90.0	6.642134141720349
90.5	6.642134141720349
91	2.279637133956386
91.5	2.279637133956386
92.0	2.279637133956386
92.5	2.279637133956386
93.0	2.279637133956386
93.5	2.279637133956386
94.0	2.279637133956386
94.5	2.279637133956386
95.0	2.279637133956386
95.5	2.279637133956386
96.0	2.279637133956386
96.5	2.279637133956386
97.0	2.279637133956386
97.5	2.279637133956386
98.0	2.279637133956386
98.5	2.279637133956386
99	1.7473044538479892
99.5	1.7410690305545076
100.0	1.7410690305545076
100.5	1.7410690305545076
101.0	1.7410690305545076
101.5	1.7410690305545076
102.0	1.7410690305545076
102.5	1.7410690305545076
103.0	1.7410690305545076
103.5	1.7410690305545076
104.0	1.7410690305545076
104.5	1.7410690305545076
105.0	1.7410690305545076
105.5	1.7410690305545076
106.0	1.7410690305545076
106.5	1.7410690305545076
107.0	1.7410690305545076
107.5	1.7410690305545076
108.0	1.7410690305545076
108.5	1.7410690305545076
109.0	1.7410690305545076
109.5	1.7410690305545076
110	2.701887838689351
110.5	2.701887838689351
111.0	2.701887838689351
111.5	2.701887838689351
112.0	2.701887838689351
112.5	2.701887838689351
113.0	2.701887838689351
113.5	2.701887838689351
114.0	2.701887838689351
114.5	2.701887838689351
115.0	2.701887838689351
115.5	2.701887838689351
116.0	2.701887838689351
116.5	3.5700251046025104
117.0	3.5700251046025104
117.5	3.5700251046025104
118.0	3.5700251046025104
118.5	3.5700251046025104
119.0	3.5700251046025104
119.5	3.5700251046025104
120.0	3.5700251046025104
120.5	3.567280267710694
121	3.5672209302325584
121.5	3.5672209302325584
122.0	3.5672209302325584
122.5	3.5672209302325584
123.0	3.5672209302325584
123.5	3.5672209302325584
124.0	3.5672209302325584
124.5	3.5672209302325584
125.0	3.5672209302325584
125.5	3.496714461286358
126.0	3.496714461286358
126.5	3.496714461286358
127.0	3.496714461286358
127.5	3.496714461286358
128.0	3.496714461286358
128.5	3.496714461286358
129.0	3.496714461286358
129.5	3.496714461286358
130.0	3.496714461286358
130.5	3.179437037037037
131.0	3.179437037037037
131.5	3.179437037037037
132.0	3.179437037037037
132.5	3.179437037037037
133.0	3.179437037037037
133.5	3.179437037037037
134.0	3.179437037037037
134.5	3.179437037037037
135.0	3.179437037037037
135.5	3.179437037037037
136	2.7338827545637394
136.5	2.709707309236948
137.0	2.709707309236948
137.5	2.709707309236948
138.0	2.709707309236948
138.5	2.709707309236948
139.0	2.709707309236948
139.5	2.709707309236948
140.0	2.709707309236948
140.5	2.709707309236948
141.0	2.709707309236948
141.5	2.709707309236948
142.0	2.709707309236948
142.5	1.4218996013343097
143.0	1.4218996013343097
143.5	1.4218996013343097
144.0	1.4218996013343097
144.5	1.4218996013343097
145.0	1.4218996013343097
145.5	1.4218996013343097
146.0	1.4218996013343097
146.5	1.4218996013343097
147.0	1.4218996013343097
147.5	1.4218996013343097
148.0	1.4218996013343097
148.5	1.4218996013343097
149.0	1.4218996013343097
149.5	1.4218996013343097
150.0	1.4218996013343097
150.5	1.4218996013343097
151.0	1.4218996013343097
151.5	1.4218996013343097
152.0	1.4218996013343097
152.5	1.4218996013343097
153.0	1.4218996013343097
153.5	1.4218996013343097
154.0	1.4218996013343097
154.5	1.4218996013343097
155	3.2821778808971387
155.5	3.2821778808971387
156.0	3.2821778808971387
156.5	3.2821778808971387
157.0	3.2821778808971387
157.5	3.2821778808971387
158.0	3.2821778808971387
158.5	3.2821778808971387
159.0	3.2821778808971387
159.5	3.2821778808971387
160	2.2983977345249067
160.5	2.273670081967213
161.0	2.273670081967213
161.5	2.273670081967213
162.0	2.273670081967213
162.5	2.273670081967213
163.0	2.273670081967213
163.5	2.273670081967213
164.0	2.273670081967213
164.5	2.273670081967213
165.0	2.273670081967213
165.5	2.273670081967213
166.0	2.273670081967213
166.5	2.273670081967213
167.0	2.273670081967213
167.5	2.273670081967213
168	4.36547733724717
168.5	4.390392561983471
169.0	4.390392561983471
169.5	4.390392561983471
170.0	4.390392561983471
170.5	4.390392561983471
171.0	4.390392561983471
171.5	4.390392561983471
172	4.212410093939736
172.5	4.206940074906367
173.0	4.206940074906367
173.5	4.206940074906367
174.0	4.206940074906367
174.5	4.206940074906367
175.0	4.206940074906367
175.5	4.206940074906367
176.0	4.206940074906367
176.5	6.815430060816682
177.0	6.815430060816682
177.5	6.815430060816682
178.0	6.815430060816682
178.5	6.815430060816682
179	8.965208528341135
179.5	8.965208528341135
180.0	8.965208528341135
180.5	8.965208528341135
181	7.9980920502092046
181.5	7.9980920502092046
182.0	7.9980920502092046
