0	2.1325630498533723
0.5	2.1325630498533723
1	2.1608333333333336
1.5	2.156679025362409
2	2.155791907514451
2.5	2.1475924006908462
3	2.1200824211204123
3.5	2.1200824211204123
4.0	2.1200824211204123
4.5	2.106661406969099
5.0	2.106661406969099
5.5	2.106661406969099
6.0	2.106661406969099
6.5	2.106661406969099
7.0	2.106661406969099
7.5	2.1076677489590194
8	2.107686936281641
8.5	2.107686936281641
9.0	2.107686936281641
9.5	2.107686936281641
10.0	2.107686936281641
10.5	2.107686936281641
11	2.104714748546142
11.5	2.1046628628131976
12.0	2.1046628628131976
12.5	2.1046628628131976
13.0	2.1046628628131976
13.5	2.1046628628131976
14.0	2.1046628628131976
14.5	2.1046628628131976
15.0	2.1046628628131976
15.5	2.486393586005831
16.0	2.486393586005831
16.5	2.486393586005831
17.0	2.486393586005831
17.5	2.486393586005831
18	2.586170498761938
18.5	2.586170498761938
19.0	2.586170498761938
19.5	2.586170498761938
20.0	2.586170498761938
20.5	2.586170498761938
21	2.640868282402529
21.5	2.640868282402529
22.0	2.640868282402529
22.5	2.640868282402529
23.0	2.640868282402529
23.5	2.640868282402529
24	2.6640377495462793
24.5	2.6640377495462793
25.0	2.6640377495462793
25.5	2.6640377495462793
26.0	2.6640377495462793
26.5	2.663444927810677
27	2.663434599156118
27.5	2.663434599156118
28.0	2.663434599156118
28.5	2.663434599156118
29.0	2.663434599156118
29.5	2.6801909713788286
30	2.681640362225097
30.5	2.681640362225097
31.0	2.681640362225097
31.5	2.681640362225097
32.0	2.681640362225097
32.5	2.681640362225097
33	2.713892650701899
33.5	2.713892650701899
34.0	2.713892650701899
34.5	2.713892650701899
35.0	2.713892650701899
35.5	2.7212085482682387
36.0	2.7212085482682387
36.5	2.7212085482682387
37.0	2.7212085482682387
37.5	2.7212085482682387
38.0	2.7212085482682387
38.5	2.6593368176538905
39.0	2.6593368176538905
39.5	2.6593368176538905
40.0	2.6593368176538905
40.5	2.6593368176538905
41.0	2.6593368176538905
41.5	2.6593368176538905
42.0	2.6593368176538905
42.5	2.6593368176538905
43.0	2.6593368176538905
43.5	2.6593368176538905
44.0	2.6593368176538905
44.5	2.6593368176538905
45.0	2.6593368176538905
45.5	2.660438559664137
46.0	2.660438559664137
46.5	2.660438559664137
47.0	2.660438559664137
47.5	2.660438559664137
48.0	2.660438559664137
48.5	2.660438559664137
49.0	2.660438559664137
49.5	2.660438559664137
50.0	2.660438559664137
50.5	2.660438559664137
51.0	2.660438559664137
51.5	2.5962016659359928
52.0	2.5962016659359928
52.5	2.5962016659359928
53.0	2.5962016659359928
53.5	2.5962016659359928
54.0	2.5962016659359928
54.5	2.5962016659359928
55.0	2.5962016659359928
55.5	2.5962016659359928
56.0	2.5962016659359928
56.5	2.5962016659359928
57.0	2.5962016659359928
57.5	2.5962016659359928
58.0	2.5962016659359928
58.5	2.6696320594151324
59.0	2.6696320594151324
59.5	2.6696320594151324
60.0	2.6696320594151324
60.5	2.6696320594151324
61.0	2.6696320594151324
61.5	2.6696320594151324
62.0	2.6696320594151324
62.5	2.6696320594151324
63.0	2.6696320594151324
63.5	2.6696320594151324
64.0	2.6696320594151324
64.5	2.6696320594151324
65	2.680385019710907
65.5	2.680385019710907
66.0	2.680385019710907
66.5	2.680385019710907
67.0	2.680385019710907
67.5	2.680385019710907
68.0	2.680385019710907
68.5	2.680385019710907
69.0	2.680385019710907
69.5	2.680385019710907
70.0	2.680385019710907
70.5	2.680385019710907
71	2.629529680031394
71.5	2.62858574879227
72.0	2.62858574879227
72.5	2.62858574879227
73.0	2.62858574879227
73.5	2.62858574879227
74.0	2.62858574879227
74.5	2.62858574879227
75.0	2.62858574879227
75.5	2.62858574879227
76.0	2.62858574879227
76.5	2.62858574879227
77.0	2.62858574879227
77.5	2.62858574879227
78	2.619826792963464
78.5	2.619826792963464
79.0	2.619826792963464
79.5	2.619826792963464
80.0	2.619826792963464
80.5	2.619826792963464
81	2.636034677723332
81.5	2.636034677723332
82.0	2.636034677723332
82.5	2.636034677723332
83.0	2.636034677723332
83.5	2.636034677723332
84	2.641105882352941
84.5	2.641105882352941
85.0	2.641105882352941
85.5	2.641105882352941
86.0	2.641105882352941
86.5	2.645065693430657
87.0	2.645065693430657
87.5	2.645065693430657
88.0	2.645065693430657
88.5	2.645065693430657
89.0	2.645065693430657
89.5	2.702476310009413
90.0	2.702476310009413
90.5	2.702476310009413
91.0	2.702476310009413
91.5	2.702476310009413
92.0	2.702476310009413
92.5	2.713562384790563
93	2.713983286908078
93.5	2.713983286908078
94	2.705399061105064
94.5	2.70503441084463
95.0	2.70503441084463
95.5	2.70503441084463
96.0	2.70503441084463
96.5	2.70503441084463
97	2.7031571673682726
97.5	2.7030775623268695
98.0	2.7030775623268695
98.5	2.7030775623268695
99.0	2.7030775623268695
99.5	2.7030775623268695
100	2.683070655355919
100.5	2.682315547024952
101.0	2.682315547024952
101.5	2.682315547024952
102.0	2.682315547024952
102.5	2.682315547024952
103	2.6886
103.5	2.6886
104.0	2.6886
104.5	2.6886
105.0	2.6886
105.5	2.6886
106	2.694252663622527
106.5	2.694252663622527
107.0	2.694252663622527
107.5	2.694252663622527
108.0	2.694252663622527
108.5	2.685066447757455
109	2.6848077795786063
109.5	2.6848077795786063
110.0	2.6848077795786063
110.5	2.6848077795786063
111.0	2.6848077795786063
111.5	2.6848077795786063
112	2.6807472240365775
112.5	2.6807472240365775
113.0	2.6807472240365775
113.5	2.6807472240365775
114.0	2.6807472240365775
114.5	2.6807472240365775
115	2.6807014554490594
115.5	2.6807014554490594
116.0	2.6807014554490594
116.5	2.6807014554490594
117.0	2.6807014554490594
117.5	2.6807014554490594
118	2.6861796407185627
118.5	2.6861796407185627
119.0	2.6861796407185627
119.5	2.6861796407185627
120	2.6777394422656684
120.5	2.6772223780582824
121.0	2.6772223780582824
121.5	2.6772223780582824
122.0	2.6772223780582824
122.5	2.6772223780582824
123.0	2.6772223780582824
123.5	2.6772223780582824
124.0	2.6772223780582824
124.5	2.6772223780582824
125.0	2.6772223780582824
125.5	2.6772223780582824
126.0	2.6772223780582824
126.5	2.660070483852778
127	2.659856653162979
127.5	2.659856653162979
128.0	2.659856653162979
128.5	2.659856653162979
129.0	2.659856653162979
129.5	2.659856653162979
130.0	2.659856653162979
130.5	2.659856653162979
131.0	2.659856653162979
131.5	2.659856653162979
132.0	2.659856653162979
132.5	2.659856653162979
133	2.660607178261621
133.5	2.66061676739501
134.0	2.66061676739501
134.5	2.66061676739501
135.0	2.66061676739501
135.5	2.66061676739501
136.0	2.66061676739501
136.5	2.66061676739501
137.0	2.66061676739501
137.5	2.66061676739501
138.0	2.66061676739501
138.5	2.66061676739501
139.0	2.66061676739501
139.5	2.6896328021989984
140	2.6898306490192954
140.5	2.6898306490192954
141.0	2.6898306490192954
141.5	2.6898306490192954
142.0	2.6898306490192954
142.5	2.6898306490192954
143.0	2.6898306490192954
143.5	2.6898306490192954
144.0	2.6898306490192954
144.5	2.6898306490192954
145.0	2.6898306490192954
145.5	2.6898306490192954
146	2.6792224436608922
146.5	2.6792224436608922
147.0	2.6792224436608922
147.5	2.6792224436608922
148.0	2.6792224436608922
148.5	2.6792224436608922
149.0	2.6792224436608922
149.5	2.6792224436608922
150.0	2.6792224436608922
150.5	2.6792224436608922
151.0	2.6792224436608922
151.5	2.6792224436608922
152.0	2.6792224436608922
152.5	2.6854821492503387
153	2.6855598797658597
153.5	2.6855598797658597
154.0	2.6855598797658597
154.5	2.6855598797658597
155.0	2.6855598797658597
155.5	2.6855598797658597
156.0	2.6855598797658597
156.5	2.6855598797658597
157.0	2.6855598797658597
157.5	2.6855598797658597
158.0	2.6855598797658597
158.5	2.6855598797658597
159	2.6998530838530836
159.5	2.6998530838530836
160.0	2.6998530838530836
160.5	2.6998530838530836
161.0	2.6998530838530836
161.5	2.6998530838530836
162	2.706155908289242
162.5	2.706155908289242
163.0	2.706155908289242
163.5	2.706155908289242
164.0	2.706155908289242
164.5	2.706155908289242
165	2.685069036226931
165.5	2.685069036226931
166.0	2.685069036226931
166.5	2.685069036226931
167.0	2.685069036226931
167.5	2.685069036226931
168	2.6862732417138235
168.5	2.6862732417138235
169.0	2.6862732417138235
169.5	2.6862732417138235
170.0	2.6862732417138235
170.5	2.6794459833795012
171.0	2.6794459833795012
171.5	2.6794459833795012
172.0	2.6794459833795012
172.5	2.6794459833795012
173	2.6794191411810204
173.5	2.6794183445190156
174.0	2.6794183445190156
174.5	2.6794183445190156
