0	4.502811145510836
0.5	4.559120879120879
1	4.47021218433012
1.5	4.452459970887919
2	4.4488858603066435
2.5	4.4488858603066435
3	4.447393981803467
3.5	4.4472338653712695
4.0	4.4472338653712695
4.5	4.4472338653712695
5	4.571048728813559
5.5	4.571048728813559
6.0	4.571048728813559
6.5	4.571048728813559
7.0	4.571048728813559
7.5	4.571048728813559
8.0	4.571048728813559
8.5	4.871991863234808
9	4.881794830802025
9.5	4.881794830802025
10.0	4.881794830802025
10.5	4.881794830802025
11.0	4.881794830802025
11.5	4.881794830802025
12.0	4.881794830802025
12.5	6.70079543602282
13.0	6.70079543602282
13.5	6.70079543602282
14.0	6.70079543602282
14.5	6.70079543602282
15	6.784053166536357
15.5	6.784053166536357
16.0	6.784053166536357
16.5	6.784053166536357
17.0	6.784053166536357
17.5	4.993732337736933
18.0	4.993732337736933
18.5	4.993732337736933
19.0	4.993732337736933
19.5	4.993732337736933
20.0	4.993732337736933
20.5	4.993732337736933
21	4.5669469280508075
21.5	4.55199350473613
22.0	4.55199350473613
22.5	4.55199350473613
23.0	4.55199350473613
23.5	4.55199350473613
24.0	4.55199350473613
24.5	4.55199350473613
25	4.557943269726663
25.5	4.557943269726663
26.0	4.557943269726663
26.5	4.557943269726663
27.0	4.557943269726663
27.5	4.557943269726663
28.0	4.557943269726663
28.5	4.557943269726663
29	4.7776923884514435
29.5	4.7776923884514435
30.0	4.7776923884514435
30.5	4.7776923884514435
31.0	4.7776923884514435
31.5	4.7776923884514435
32.0	4.7776923884514435
32.5	4.7776923884514435
33	6.368873362445416
33.5	6.368873362445416
34.0	6.368873362445416
34.5	6.368873362445416
35.0	6.368873362445416
35.5	3.3579000991858377
36	3.252713260294673
36.5	3.252713260294673
37.0	3.252713260294673
37.5	3.252713260294673
38.0	3.252713260294673
38.5	3.252713260294673
39.0	3.252713260294673
39.5	3.252713260294673
40.0	3.252713260294673
40.5	3.252713260294673
41	5.013002736726875
41.5	5.013002736726875
42.0	5.013002736726875
42.5	5.013002736726875
43.0	5.013002736726875
43.5	5.013002736726875
44.0	5.013002736726875
44.5	5.013002736726875
45	4.302976234003656
45.5	4.302976234003656
46.0	4.302976234003656
46.5	4.302976234003656
47.0	4.302976234003656
47.5	4.302976234003656
48.0	4.302976234003656
48.5	4.242204570764605
49	4.241061828598711
49.5	4.241061828598711
50.0	4.241061828598711
50.5	4.241061828598711
51.0	4.241061828598711
51.5	4.241061828598711
52.0	4.241061828598711
52.5	4.241061828598711
53	3.2952314744079447
53.5	3.2952314744079447
54.0	3.2952314744079447
54.5	3.2952314744079447
55.0	3.2952314744079447
55.5	3.2952314744079447
56.0	3.2952314744079447
56.5	3.2952314744079447
57.0	3.2952314744079447
57.5	3.2952314744079447
58.0	3.2952314744079447
58.5	4.004462331288344
59.0	4.004462331288344
59.5	4.004462331288344
60.0	4.004462331288344
60.5	4.004462331288344
61.0	4.004462331288344
61.5	4.004462331288344
62.0	4.004462331288344
62.5	1.9683192403346146
63.0	1.9683192403346146
63.5	1.9683192403346146
64.0	1.9683192403346146
64.5	1.9683192403346146
65.0	1.9683192403346146
65.5	1.9683192403346146
66.0	1.9683192403346146
66.5	1.9683192403346146
67.0	1.9683192403346146
67.5	1.9683192403346146
68.0	1.9683192403346146
68.5	1.9683192403346146
69.0	1.9683192403346146
69.5	1.9683192403346146
70.0	1.9683192403346146
70.5	1.9683192403346146
71.0	1.9683192403346146
71.5	2.862304396843292
72.0	2.862304396843292
72.5	2.862304396843292
73.0	2.862304396843292
73.5	2.862304396843292
74.0	2.862304396843292
74.5	2.862304396843292
75.0	2.862304396843292
75.5	2.862304396843292
76.0	2.862304396843292
76.5	2.862304396843292
77.0	2.862304396843292
77.5	4.053235423902678
78	4.105598794878232
78.5	4.105598794878232
79.0	4.105598794878232
79.5	4.105598794878232
80.0	4.105598794878232
80.5	4.105598794878232
81.0	4.105598794878232
81.5	4.105598794878232
82	3.472473203652243
82.5	3.472473203652243
83.0	3.472473203652243
83.5	3.472473203652243
84.0	3.472473203652243
84.5	3.472473203652243
85.0	3.472473203652243
85.5	3.472473203652243
86.0	3.472473203652243
86.5	3.472473203652243
87	3.7418013774716727
87.5	3.7418013774716727
88.0	3.7418013774716727
88.5	3.7418013774716727
89.0	3.7418013774716727
89.5	3.7418013774716727
90.0	3.7418013774716727
90.5	3.7418013774716727
91.0	3.7418013774716727
91.5	5.561985810246323
92	5.5971682242990655
92.5	5.5971682242990655
93.0	5.5971682242990655
93.5	5.5971682242990655
94.0	5.5971682242990655
94.5	5.5971682242990655
95	3.9809148559381287
95.5	3.944096
96.0	3.944096
96.5	3.944096
97.0	3.944096
97.5	3.944096
98.0	3.944096
98.5	3.944096
99.0	3.944096
99.5	3.5800654088050314
100.0	3.5800654088050314
100.5	3.5800654088050314
101.0	3.5800654088050314
101.5	3.5800654088050314
102.0	3.5800654088050314
102.5	3.5800654088050314
103.0	3.5800654088050314
103.5	3.5800654088050314
104	4.263477108063507
104.5	4.282245857036854
105.0	4.282245857036854
105.5	4.282245857036854
106.0	4.282245857036854
106.5	4.282245857036854
107.0	4.282245857036854
107.5	4.282245857036854
108.0	4.282245857036854
108.5	5.709403579871665
109.0	5.709403579871665
109.5	5.709403579871665
110.0	5.709403579871665
110.5	5.709403579871665
111.0	5.709403579871665
111.5	4.822569744597249
112.0	4.822569744597249
112.5	4.822569744597249
113.0	4.822569744597249
113.5	4.822569744597249
114.0	4.822569744597249
114.5	4.822569744597249
115	4.081162281722934
115.5	4.081162281722934
116.0	4.081162281722934
116.5	4.081162281722934
117.0	4.081162281722934
117.5	4.081162281722934
118.0	4.081162281722934
118.5	4.081162281722934
119.0	4.081162281722934
119.5	4.866743282787976
120.0	4.866743282787976
120.5	4.866743282787976
121.0	4.866743282787976
121.5	4.866743282787976
122.0	4.866743282787976
122.5	4.866743282787976
123.0	4.866743282787976
123.5	6.294679849982953
124.0	6.294679849982953
124.5	6.294679849982953
125.0	6.294679849982953
125.5	6.294679849982953
126.0	6.294679849982953
126.5	6.8606336
127.0	6.8606336
127.5	6.8606336
128.0	6.8606336
128.5	6.8606336
129	7.904399382398353
129.5	7.904399382398353
130.0	7.904399382398353
130.5	7.904399382398353
131	7.2396696165191745
131.5	7.2396696165191745
132.0	7.2396696165191745
132.5	7.2396696165191745
133.0	7.2396696165191745
133.5	3.1583644773358
134.0	3.1583644773358
134.5	3.1583644773358
135.0	3.1583644773358
135.5	3.1583644773358
136.0	3.1583644773358
136.5	3.1583644773358
137.0	3.1583644773358
137.5	3.1583644773358
138.0	3.1583644773358
138.5	3.1583644773358
139	3.1583811626195732
139.5	3.1583811626195732
140.0	3.1583811626195732
140.5	3.1583811626195732
141.0	3.1583811626195732
141.5	3.1583811626195732
142.0	3.1583811626195732
142.5	3.1583811626195732
143.0	3.1583811626195732
143.5	3.1583811626195732
144.0	3.1583811626195732
144.5	4.284462280924562
145.0	4.284462280924562
145.5	4.284462280924562
146.0	4.284462280924562
146.5	4.284462280924562
147.0	4.284462280924562
147.5	4.284462280924562
148.0	4.284462280924562
148.5	4.500790110739119
149.0	4.500790110739119
149.5	4.500790110739119
150.0	4.500790110739119
150.5	4.500790110739119
151.0	4.500790110739119
151.5	4.500790110739119
152.0	4.500790110739119
152.5	5.210381829343155
153.0	5.210381829343155
153.5	5.210381829343155
154.0	5.210381829343155
154.5	5.210381829343155
155.0	5.210381829343155
155.5	5.210381829343155
156	5.312033512866547
156.5	5.312033512866547
157.0	5.312033512866547
157.5	5.312033512866547
158.0	5.312033512866547
158.5	5.312033512866547
159	4.9019060787106215
159.5	4.894788367405702
160.0	4.894788367405702
160.5	4.894788367405702
161.0	4.894788367405702
161.5	4.894788367405702
162.0	4.894788367405702
162.5	4.779491855411416
163	4.778529114597181
163.5	4.778529114597181
164.0	4.778529114597181
164.5	4.778529114597181
165.0	4.778529114597181
165.5	4.778529114597181
166.0	4.778529114597181
166.5	4.1222070415134
167.0	4.1222070415134
167.5	4.1222070415134
168.0	4.1222070415134
168.5	4.1222070415134
169.0	4.1222070415134
169.5	4.1222070415134
170.0	4.1222070415134
170.5	3.720348726801899
171.0	3.720348726801899
171.5	3.720348726801899
172.0	3.720348726801899
172.5	3.720348726801899
173.0	3.720348726801899
173.5	3.720348726801899
174.0	3.720348726801899
174.5	3.720348726801899
175	3.687866237942122
175.5	3.687866237942122
176.0	3.687866237942122
176.5	3.687866237942122
177.0	3.687866237942122
177.5	3.687866237942122
178.0	3.687866237942122
