0	1.5723329729729731
0.5	1.5723329729729731
1	1.5845267918929067
1.5	1.5855286624203822
2	1.5736371308016879
2.5	1.5736371308016879
3	1.5860408163265307
3.5	1.5860408163265307
4	1.577244873341375
4.5	1.5573706942691203
5	1.5555007473841553
5.5	1.5555007473841553
6.0	1.5555007473841553
6.5	1.5555007473841553
7.0	1.5555007473841553
7.5	1.2563510232396808
8.0	1.2563510232396808
8.5	1.2563510232396808
9.0	1.2563510232396808
9.5	1.2563510232396808
10.0	1.2563510232396808
10.5	1.2563510232396808
11.0	1.2563510232396808
11.5	1.2563510232396808
12.0	1.2563510232396808
12.5	1.2563510232396808
13.0	1.2563510232396808
13.5	1.224580831408776
14.0	1.224580831408776
14.5	1.224580831408776
15.0	1.224580831408776
15.5	1.224580831408776
16.0	1.224580831408776
16.5	1.224580831408776
17.0	1.224580831408776
17.5	1.224580831408776
18.0	1.224580831408776
18.5	1.224580831408776
19.0	1.224580831408776
19.5	1.224580831408776
20.0	1.224580831408776
20.5	1.2077649141440963
21.0	1.2077649141440963
21.5	1.2077649141440963
22.0	1.2077649141440963
22.5	1.2077649141440963
23.0	1.2077649141440963
23.5	1.2077649141440963
24.0	1.2077649141440963
24.5	1.2077649141440963
25.0	1.2077649141440963
25.5	1.2077649141440963
26	1.2316313591234889
26.5	1.2322777684139559
27.0	1.2322777684139559
27.5	1.2322777684139559
28.0	1.2322777684139559
28.5	1.2322777684139559
29.0	1.2322777684139559
29.5	1.2322777684139559
30.0	1.2322777684139559
30.5	1.2322777684139559
31.0	1.2322777684139559
31.5	1.2322777684139559
32	1.2299545845980444
32.5	1.2299283494192705
33.0	1.2299283494192705
33.5	1.2299283494192705
34.0	1.2299283494192705
34.5	1.2299283494192705
35.0	1.2299283494192705
35.5	1.2299283494192705
36.0	1.2299283494192705
36.5	1.2299283494192705
37.0	1.2299283494192705
37.5	1.2299283494192705
38.0	1.2299283494192705
38.5	1.2127999999999999
39.0	1.2127999999999999
39.5	1.21209611789662
40	1.212033930254477
40.5	1.212033930254477
41	1.2077313182199831
41.5	1.2077313182199831
42	1.2499220662731292
42.5	1.254173023255814
43.0	1.254173023255814
43.5	1.254173023255814
44.0	1.254173023255814
44.5	1.2146973684210527
45.0	1.2146973684210527
45.5	1.2146973684210527
46.0	1.2146973684210527
46.5	1.2146973684210527
47.0	1.2146973684210527
47.5	1.2146973684210527
48.0	1.2146973684210527
48.5	1.2146973684210527
49.0	1.2146973684210527
49.5	1.2146973684210527
50.0	1.2146973684210527
50.5	1.1973055742719896
51	1.196965175669401
51.5	1.196965175669401
52.0	1.196965175669401
52.5	1.196965175669401
53.0	1.196965175669401
53.5	1.196965175669401
54.0	1.196965175669401
54.5	1.196965175669401
55.0	1.196965175669401
55.5	1.196965175669401
56.0	1.196965175669401
56.5	1.196965175669401
57.0	1.196965175669401
57.5	1.189876070528967
58.0	1.189876070528967
58.5	1.189876070528967
59.0	1.189876070528967
59.5	1.189876070528967
60.0	1.189876070528967
60.5	1.189876070528967
61.0	1.189876070528967
61.5	1.189876070528967
62.0	1.189876070528967
62.5	1.189876070528967
63.0	1.189876070528967
63.5	1.1981294920394239
64.0	1.1981294920394239
64.5	1.1981294920394239
65.0	1.1981294920394239
65.5	1.1981294920394239
66.0	1.1981294920394239
66.5	1.1981294920394239
67.0	1.1981294920394239
67.5	1.1981294920394239
68.0	1.1981294920394239
68.5	1.1981294920394239
69.0	1.1981294920394239
69.5	1.1981294920394239
70	1.272063205417607
70.5	1.272063205417607
71	1.2697554756918308
71.5	1.2689818913480886
72.0	1.2689818913480886
72.5	1.2612347652347653
73.0	1.2612347652347653
73.5	1.2489676343596268
74	1.245573033707865
74.5	1.245573033707865
75.0	1.245573033707865
75.5	1.245573033707865
76.0	1.245573033707865
76.5	1.197387897257292
77.0	1.197387897257292
77.5	1.197387897257292
78.0	1.197387897257292
78.5	1.197387897257292
79	1.1990999833082958
79.5	1.1990999833082958
80.0	1.1990999833082958
80.5	1.1990999833082958
81.0	1.1990999833082958
81.5	1.1990999833082958
82.0	1.1990999833082958
82.5	1.1990999833082958
83.0	1.1990999833082958
83.5	1.1990999833082958
84.0	1.1990999833082958
84.5	1.1990999833082958
85	1.185972835869743
85.5	1.185972835869743
86.0	1.185972835869743
86.5	1.185972835869743
87.0	1.185972835869743
87.5	1.185972835869743
88.0	1.185972835869743
88.5	1.185972835869743
89.0	1.185972835869743
89.5	1.185972835869743
90.0	1.185972835869743
90.5	1.185972835869743
91	1.2769150481838398
91.5	1.2769150481838398
92.0	1.2769150481838398
92.5	1.2769150481838398
93.0	1.2769150481838398
93.5	1.2769150481838398
94.0	1.2769150481838398
94.5	1.2769150481838398
95.0	1.2769150481838398
95.5	1.2769150481838398
96.0	1.2769150481838398
96.5	1.2769150481838398
97.0	1.2769150481838398
97.5	1.2769150481838398
98	1.1844514743214216
98.5	1.1844514743214216
99.0	1.1844514743214216
99.5	1.1844514743214216
100.0	1.1844514743214216
100.5	1.1844514743214216
101.0	1.1844514743214216
101.5	1.1844514743214216
102.0	1.1844514743214216
102.5	1.1844514743214216
103	1.207895440499631
103.5	1.208257102934327
104.0	1.208257102934327
104.5	1.208257102934327
105.0	1.208257102934327
105.5	1.208257102934327
106.0	1.208257102934327
106.5	1.208257102934327
107.0	1.208257102934327
107.5	1.208257102934327
108.0	1.208257102934327
108.5	1.208257102934327
109.0	1.208257102934327
109.5	1.2507544342823107
110	1.2523445378151261
110.5	1.2523445378151261
111	1.2444347826086957
111.5	1.2444347826086957
112	1.2461958456973294
112.5	1.2461958456973294
113	1.230728785357737
113.5	1.230728785357737
114.0	1.230728785357737
114.5	1.230728785357737
115.0	1.230728785357737
115.5	1.2027297887836854
116.0	1.2027297887836854
116.5	1.2027297887836854
117.0	1.2027297887836854
117.5	1.2027297887836854
118.0	1.2027297887836854
118.5	1.1717984296930763
119.0	1.1717984296930763
119.5	1.1717984296930763
120.0	1.1717984296930763
120.5	1.1717984296930763
121.0	1.1717984296930763
121.5	1.1717984296930763
122.0	1.1717984296930763
122.5	1.1717984296930763
123.0	1.1717984296930763
123.5	1.1717984296930763
124.0	1.1717984296930763
124.5	1.1717984296930763
125.0	1.1717984296930763
125.5	1.2367402554864069
126.0	1.2367402554864069
126.5	1.2367402554864069
127.0	1.2367402554864069
127.5	1.2367402554864069
128.0	1.2367402554864069
128.5	1.2367402554864069
129.0	1.2367402554864069
129.5	1.2367402554864069
130.0	1.2367402554864069
130.5	1.2367402554864069
131.0	1.2367402554864069
131.5	1.2350320826916623
132	1.2350055061414655
132.5	1.2350055061414655
133.0	1.2350055061414655
133.5	1.2350055061414655
134.0	1.2350055061414655
134.5	1.2350055061414655
135.0	1.2350055061414655
135.5	1.2350055061414655
136.0	1.2350055061414655
136.5	1.2040885182809493
137.0	1.2040885182809493
137.5	1.2040885182809493
138.0	1.2040885182809493
138.5	1.2040885182809493
139.0	1.2040885182809493
139.5	1.2040885182809493
140.0	1.2040885182809493
140.5	1.2040885182809493
141.0	1.2040885182809493
141.5	1.2040885182809493
142.0	1.2040885182809493
142.5	1.2040885182809493
143	1.2295872801082544
143.5	1.2295872801082544
144.0	1.2295872801082544
144.5	1.2295872801082544
145.0	1.2295872801082544
145.5	1.2295872801082544
146.0	1.2295872801082544
146.5	1.2295872801082544
147.0	1.2295872801082544
147.5	1.2295872801082544
148.0	1.2295872801082544
148.5	1.2295872801082544
149	1.2383157894736843
149.5	1.2383157894736843
150	1.1448201160541587
150.5	1.1448201160541587
151	1.124283625730994
151.5	1.124283625730994
152.0	1.124283625730994
152.5	1.124283625730994
153.0	1.124283625730994
153.5	1.124283625730994
154	1.247064935064935
154.5	1.247064935064935
155.0	1.247064935064935
155.5	1.247064935064935
156.0	1.247064935064935
156.5	1.2919115696389094
157.0	1.2919115696389094
157.5	1.2919115696389094
158.0	1.2919115696389094
158.5	1.2919115696389094
159	1.2154550063371357
159.5	1.2154550063371357
160.0	1.2154550063371357
160.5	1.2154550063371357
161.0	1.2154550063371357
161.5	1.2154550063371357
162.0	1.2154550063371357
162.5	1.2154550063371357
163.0	1.2154550063371357
163.5	1.2154550063371357
164.0	1.2154550063371357
164.5	1.2154550063371357
165.0	1.2154550063371357
165.5	1.2092522702785902
166.0	1.2092522702785902
166.5	1.2092522702785902
167.0	1.2092522702785902
167.5	1.2092522702785902
168.0	1.2092522702785902
168.5	1.2092522702785902
169.0	1.2092522702785902
169.5	1.2092522702785902
170.0	1.2092522702785902
170.5	1.2092522702785902
171.0	1.2092522702785902
171.5	1.2092522702785902
172	1.2291178102459774
172.5	1.2291178102459774
173.0	1.2291178102459774
173.5	1.2291178102459774
174.0	1.2291178102459774
174.5	1.2291178102459774
175.0	1.2291178102459774
175.5	1.2291178102459774
176.0	1.2291178102459774
176.5	1.2291178102459774
177.0	1.2291178102459774
177.5	1.262296793437733
178.0	1.262296793437733
178.5	1.262296793437733
179.0	1.262296793437733
179.5	1.262296793437733
180.0	1.262296793437733
180.5	1.262296793437733
181.0	1.262296793437733
181.5	1.262296793437733
182.0	1.262296793437733
182.5	1.262296793437733
183	1.3039738704409363
183.5	1.3039738704409363
184.0	1.3039738704409363
184.5	1.3039738704409363
185.0	1.3039738704409363
185.5	1.3039738704409363
186.0	1.3039738704409363
186.5	1.3039738704409363
