0	4.367591591591591
0.5	4.382535211267606
1	4.37053125
1.5	3.91515888830624
2.0	3.91515888830624
2.5	3.91515888830624
3.0	3.91515888830624
3.5	1.9154436704299782
4.0	1.9154436704299782
4.5	1.9154436704299782
5.0	1.9154436704299782
5.5	1.9154436704299782
6.0	1.9154436704299782
6.5	1.9154436704299782
7.0	1.9154436704299782
7.5	1.8041846846846847
8.0	1.8041846846846847
8.5	1.8041846846846847
9.0	1.8041846846846847
9.5	1.8041846846846847
10.0	1.8041846846846847
10.5	1.8041846846846847
11	2.0991364821790786
11.5	2.0991364821790786
12.0	2.0991364821790786
12.5	2.0991364821790786
13.0	2.0991364821790786
13.5	2.0991364821790786
14.0	2.0991364821790786
14.5	2.196193631892312
15.0	2.196193631892312
15.5	2.196193631892312
16.0	2.196193631892312
16.5	2.196193631892312
17.0	2.196193631892312
17.5	2.196193631892312
18.0	2.196193631892312
18.5	2.231086984957489
19.0	2.231086984957489
19.5	2.231086984957489
20.0	2.231086984957489
20.5	2.231086984957489
21.0	2.231086984957489
21.5	2.149060552616108
22.0	2.149060552616108
22.5	2.149060552616108
23.0	2.149060552616108
23.5	2.149060552616108
24.0	2.149060552616108
24.5	2.149060552616108
25	2.1555481651376147
25.5	2.1555481651376147
26.0	2.1555481651376147
26.5	2.1555481651376147
27.0	2.1555481651376147
27.5	2.1555481651376147
28.0	2.1555481651376147
28.5	2.17195454176231
29	2.1733562333432044
29.5	2.1733562333432044
30.0	2.1733562333432044
30.5	2.1733562333432044
31.0	2.1733562333432044
31.5	2.1733562333432044
32.0	2.1733562333432044
32.5	1.5250267767263943
33.0	1.5250267767263943
33.5	1.5250267767263943
34.0	1.5250267767263943
34.5	1.5250267767263943
35.0	1.5250267767263943
35.5	1.5250267767263943
36.0	1.5250267767263943
36.5	1.5250267767263943
37.0	1.5250267767263943
37.5	1.4579975382451205
38.0	1.4579975382451205
38.5	1.4579975382451205
39.0	1.4579975382451205
39.5	1.4579975382451205
40.0	1.4579975382451205
40.5	1.4579975382451205
41.0	1.4579975382451205
41.5	1.4579975382451205
42.0	1.4579975382451205
42.5	1.4579975382451205
43	1.884661292255056
43.5	1.8926138784912179
44.0	1.8926138784912179
44.5	1.8926138784912179
45.0	1.8926138784912179
45.5	1.8926138784912179
46.0	1.8926138784912179
46.5	1.935769866998799
47	1.9373976915005247
47.5	1.9373976915005247
48.0	1.9373976915005247
48.5	1.9373976915005247
49.0	1.9373976915005247
49.5	1.9373976915005247
50.0	1.9373976915005247
50.5	2.127550199330681
51	2.131640573318633
51.5	2.131640573318633
52.0	2.131640573318633
52.5	2.131640573318633
53.0	2.131640573318633
53.5	2.131640573318633
54.0	2.131640573318633
54.5	1.9622575463860426
55.0	1.9622575463860426
55.5	1.9622575463860426
56.0	1.9622575463860426
56.5	1.9622575463860426
57.0	1.9622575463860426
57.5	1.9622575463860426
58	1.904015421686747
58.5	1.904015421686747
59.0	1.904015421686747
59.5	1.904015421686747
60.0	1.904015421686747
60.5	1.904015421686747
61.0	1.904015421686747
61.5	1.904015421686747
62.0	1.904015421686747
62.5	1.8364910536779324
63.0	1.8364910536779324
63.5	1.8364910536779324
64.0	1.8364910536779324
64.5	1.8364910536779324
65.0	1.8364910536779324
65.5	1.8364910536779324
66.0	1.8364910536779324
66.5	1.9813422222222223
67.0	1.9813422222222223
67.5	1.9813422222222223
68.0	1.9813422222222223
68.5	1.9813422222222223
69.0	1.9813422222222223
69.5	1.9813422222222223
70.0	1.9813422222222223
70.5	2.2529033018867928
71.0	2.2529033018867928
71.5	2.2529033018867928
72.0	2.2529033018867928
72.5	2.2529033018867928
73.0	2.2529033018867928
73.5	2.2529033018867928
74	2.209474465049929
74.5	2.209474465049929
75.0	2.209474465049929
75.5	2.209474465049929
76.0	2.209474465049929
76.5	2.209474465049929
77.0	2.209474465049929
77.5	2.1684961240310074
78.0	2.1684961240310074
78.5	2.1684961240310074
79.0	2.1684961240310074
79.5	2.1684961240310074
80.0	2.1684961240310074
80.5	1.9913956603214065
81	1.9872221300138313
81.5	1.9872221300138313
82.0	1.9872221300138313
82.5	1.9872221300138313
83.0	1.9872221300138313
83.5	1.9872221300138313
84.0	1.9872221300138313
84.5	1.8338765182186234
85.0	1.8338765182186234
85.5	1.8338765182186234
86.0	1.8338765182186234
86.5	1.8338765182186234
87.0	1.8338765182186234
87.5	1.8338765182186234
88.0	1.8338765182186234
88.5	1.8518150935282736
89.0	1.8518150935282736
89.5	1.8518150935282736
90.0	1.8518150935282736
90.5	1.8518150935282736
91.0	1.8518150935282736
91.5	1.8518150935282736
92.0	1.8518150935282736
92.5	1.8518150935282736
93	2.1075663655316195
93.5	2.1075663655316195
94.0	2.1075663655316195
94.5	2.1075663655316195
95.0	2.1075663655316195
95.5	2.1075663655316195
96	2.1228543371522095
96.5	2.1228543371522095
97.0	2.1228543371522095
97.5	2.1228543371522095
98.0	2.1228543371522095
98.5	2.1228543371522095
99.0	2.1228543371522095
99.5	2.1228543371522095
100	2.1411102578167855
100.5	2.1411102578167855
101.0	2.1411102578167855
101.5	2.1411102578167855
102.0	2.1411102578167855
102.5	2.1411102578167855
103.0	2.1411102578167855
103.5	2.1411102578167855
104	2.138791551882461
104.5	2.138791551882461
105.0	2.138791551882461
105.5	2.138791551882461
106.0	2.138791551882461
106.5	2.138791551882461
107	2.144025998231545
107.5	2.1442358887952824
108.0	2.1442358887952824
108.5	2.1442358887952824
109.0	2.1442358887952824
109.5	2.1442358887952824
110.0	2.1442358887952824
110.5	2.1442358887952824
111	1.5319117265253137
111.5	1.5319117265253137
112.0	1.5319117265253137
112.5	1.5319117265253137
113.0	1.5319117265253137
113.5	1.5319117265253137
114.0	1.5319117265253137
114.5	1.5319117265253137
115.0	1.5319117265253137
115.5	1.5078521754960859
116.0	1.5078521754960859
116.5	1.5078521754960859
117.0	1.5078521754960859
117.5	1.5078521754960859
118.0	1.5078521754960859
118.5	1.5078521754960859
119.0	1.5078521754960859
119.5	1.5078521754960859
120.0	1.5078521754960859
120.5	1.5078521754960859
121	1.2702643144537293
121.5	1.2702643144537293
122.0	1.2702643144537293
122.5	1.2702643144537293
123.0	1.2702643144537293
123.5	1.2702643144537293
124.0	1.2702643144537293
124.5	1.2702643144537293
125.0	1.2702643144537293
125.5	1.2702643144537293
126.0	1.2702643144537293
126.5	1.2702643144537293
127.0	1.2702643144537293
127.5	1.5260964054341648
128	1.5314410870006083
128.5	1.5314410870006083
129.0	1.5314410870006083
129.5	1.5314410870006083
130.0	1.5314410870006083
130.5	1.5314410870006083
131.0	1.5314410870006083
131.5	1.5314410870006083
132.0	1.5314410870006083
132.5	1.3757225543848441
133	1.3731330350835884
133.5	1.3731330350835884
134.0	1.3731330350835884
134.5	1.3731330350835884
135.0	1.3731330350835884
135.5	1.3731330350835884
136.0	1.3731330350835884
136.5	1.3731330350835884
137	2.04429512659951
137.5	2.04429512659951
138.0	2.04429512659951
138.5	2.04429512659951
139.0	2.04429512659951
139.5	2.04429512659951
140.0	2.04429512659951
140.5	2.04429512659951
141	2.132390730419478
141.5	2.132390730419478
142.0	2.132390730419478
142.5	2.132390730419478
143.0	2.132390730419478
143.5	2.132390730419478
144.0	2.132390730419478
144.5	2.054253863134658
145.0	2.054253863134658
145.5	2.054253863134658
146.0	2.054253863134658
146.5	2.054253863134658
147.0	2.054253863134658
147.5	2.054253863134658
148	2.11703996723281
148.5	2.1183220234423197
149.0	2.1183220234423197
149.5	2.1183220234423197
150.0	2.1183220234423197
150.5	2.1183220234423197
151.0	2.1183220234423197
151.5	2.153371848739496
152.0	2.153371848739496
152.5	2.153371848739496
153.0	2.153371848739496
153.5	2.153371848739496
154.0	2.153371848739496
154.5	2.153371848739496
155.0	2.153371848739496
155.5	2.1622254283137963
156.0	2.1622254283137963
156.5	2.1622254283137963
157.0	2.1622254283137963
157.5	2.161988152478654
158	2.1619800221975582
158.5	2.1619800221975582
159.0	2.1619800221975582
159.5	2.1619800221975582
160.0	2.1619800221975582
160.5	2.1619800221975582
161.0	2.1619800221975582
161.5	2.1520201963534364
162.0	2.1520201963534364
162.5	2.1520201963534364
163.0	2.1520201963534364
163.5	2.1520201963534364
164.0	2.1520201963534364
164.5	2.1520201963534364
165	2.1436594815825374
165.5	2.1436594815825374
166.0	2.1436594815825374
166.5	2.1436594815825374
167.0	2.1436594815825374
167.5	2.1436594815825374
168.0	2.1436594815825374
168.5	2.147246501304663
169	2.1472827140549273
169.5	2.1472827140549273
170.0	2.1472827140549273
170.5	2.1472827140549273
171.0	2.1472827140549273
171.5	2.1472827140549273
172	2.1440658644711843
172.5	2.1440658644711843
173.0	2.1440658644711843
173.5	2.1440658644711843
174.0	2.1440658644711843
174.5	2.1440658644711843
175.0	2.1440658644711843
175.5	2.1541366906474817
176.0	2.1541366906474817
176.5	2.1541366906474817
177.0	2.1541366906474817
