0	3.16175652173913
0.5	3.137074529876129
1	3.134499017681729
1.5	3.134499017681729
2	3.128758082497213
2.5	3.128758082497213
3	3.10703620474407
3.5	3.10703620474407
4.0	3.10703620474407
4.5	3.10703620474407
5.0	3.10703620474407
5.5	3.407688888888889
6.0	3.407688888888889
6.5	3.407688888888889
7.0	3.407688888888889
7.5	4.02662696647858
8	4.040645649432535
8.5	4.040645649432535
9.0	4.040645649432535
9.5	3.6112263210368893
10.0	3.6112263210368893
10.5	3.6112263210368893
11.0	3.6112263210368893
11.5	3.222140524116977
12.0	3.222140524116977
12.5	3.222140524116977
13.0	3.222140524116977
13.5	3.222140524116977
14	3.2332002187086606
14.5	3.233490047393365
15.0	3.233490047393365
15.5	3.233490047393365
16.0	3.233490047393365
16.5	3.358338998621957
17.0	3.358338998621957
17.5	3.358338998621957
18.0	3.358338998621957
18.5	3.3910028739947395
19	3.3928483754512637
19.5	3.3928483754512637
20.0	3.3928483754512637
20.5	3.3928483754512637
21	3.3945295729983256
21.5	3.3947382053654023
22.0	3.3947382053654023
22.5	3.3947382053654023
23.0	3.3947382053654023
23.5	3.174515804597701
24.0	3.174515804597701
24.5	3.174515804597701
25.0	3.174515804597701
25.5	3.174515804597701
26.0	3.174515804597701
26.5	3.174515804597701
27.0	3.174515804597701
27.5	3.174515804597701
28.0	3.174515804597701
28.5	3.174515804597701
29	3.2053192463461877
29.5	3.2053192463461877
30.0	3.2053192463461877
30.5	3.2053192463461877
31.0	3.2053192463461877
31.5	3.2053192463461877
32.0	3.2053192463461877
32.5	3.2053192463461877
33.0	3.2053192463461877
33.5	3.2053192463461877
34.0	3.2053192463461877
34.5	3.2053192463461877
35	3.576279982166741
35.5	3.576279982166741
36.0	3.576279982166741
36.5	3.576279982166741
37.0	3.576279982166741
37.5	3.576279982166741
38.0	3.576279982166741
38.5	3.576279982166741
39.0	3.576279982166741
39.5	3.8385786892554616
40.0	3.8385786892554616
40.5	3.8385786892554616
41.0	3.8385786892554616
41.5	3.8385786892554616
42.0	3.8385786892554616
42.5	3.8385786892554616
43.0	3.8385786892554616
43.5	3.8385786892554616
44	4.607020120724346
44.5	4.607020120724346
45.0	4.607020120724346
45.5	4.607020120724346
46.0	4.607020120724346
46.5	4.607020120724346
47.0	4.607020120724346
47.5	4.607020120724346
48	5.354383743302767
48.5	5.37731592689295
49.0	5.37731592689295
49.5	5.37731592689295
50.0	5.37731592689295
50.5	5.37731592689295
51.0	5.37731592689295
51.5	5.479891425046268
52.0	5.479891425046268
52.5	5.479891425046268
53.0	5.479891425046268
53.5	5.479891425046268
54.0	5.479891425046268
54.5	4.6157924023542
55.0	4.6157924023542
55.5	4.6157924023542
56.0	4.6157924023542
56.5	4.6157924023542
57.0	4.6157924023542
57.5	4.6157924023542
58.0	4.6157924023542
58.5	4.388968262506724
59.0	4.388968262506724
59.5	4.388968262506724
60.0	4.388968262506724
60.5	4.388968262506724
61.0	4.388968262506724
61.5	4.388968262506724
62.0	4.388968262506724
62.5	4.486408657562484
63.0	4.486408657562484
63.5	4.486408657562484
64.0	4.486408657562484
64.5	4.486408657562484
65.0	4.486408657562484
65.5	4.486408657562484
66.0	4.486408657562484
66.5	4.546443591711435
67.0	4.546443591711435
67.5	4.546443591711435
68.0	4.546443591711435
68.5	4.546443591711435
69.0	4.546443591711435
69.5	4.546443591711435
70.0	4.546443591711435
70.5	3.7704865114134196
71.0	3.7704865114134196
71.5	3.7704865114134196
72.0	3.7704865114134196
72.5	3.7704865114134196
73.0	3.7704865114134196
73.5	3.7704865114134196
74.0	3.7704865114134196
74.5	3.7704865114134196
75	2.7351969981238278
75.5	2.7351969981238278
76.0	2.7351969981238278
76.5	2.7351969981238278
77.0	2.7351969981238278
77.5	2.7351969981238278
78.0	2.7351969981238278
78.5	2.7351969981238278
79.0	2.7351969981238278
79.5	2.7351969981238278
80.0	2.7351969981238278
80.5	2.7351969981238278
81.0	2.7351969981238278
81.5	4.515240750670241
82.0	4.515240750670241
82.5	4.515240750670241
83.0	4.515240750670241
83.5	4.515240750670241
84.0	4.515240750670241
84.5	4.515240750670241
85	5.725934867045115
85.5	5.725934867045115
86.0	5.725934867045115
86.5	5.725934867045115
87.0	5.725934867045115
87.5	5.725934867045115
88.0	5.725934867045115
88.5	4.814276472383277
89.0	4.814276472383277
89.5	4.814276472383277
90.0	4.814276472383277
90.5	4.814276472383277
91.0	4.814276472383277
91.5	4.814276472383277
92	4.305827534039334
92.5	4.305827534039334
93.0	4.305827534039334
93.5	4.305827534039334
94.0	4.305827534039334
94.5	4.305827534039334
95.0	4.305827534039334
95.5	4.305827534039334
96	4.556084210526316
96.5	4.556084210526316
97.0	4.556084210526316
97.5	4.556084210526316
98.0	4.556084210526316
98.5	4.556084210526316
99.0	4.556084210526316
99.5	4.556084210526316
100	5.462211308562197
100.5	5.462211308562197
101.0	5.462211308562197
101.5	5.462211308562197
102.0	5.462211308562197
102.5	5.462211308562197
103	5.295865510845238
103.5	5.290275862068966
104.0	5.290275862068966
104.5	5.290275862068966
105.0	5.290275862068966
105.5	5.290275862068966
106.0	5.290275862068966
106.5	4.957180995475113
107.0	4.957180995475113
107.5	4.957180995475113
108.0	4.957180995475113
108.5	4.957180995475113
109.0	4.957180995475113
109.5	4.957180995475113
110	4.93102102425876
110.5	4.93102102425876
111.0	4.93102102425876
111.5	4.93102102425876
112.0	4.93102102425876
112.5	4.93102102425876
113.0	4.93102102425876
113.5	4.93102102425876
114	4.848292016806723
114.5	4.848292016806723
115.0	4.848292016806723
115.5	4.848292016806723
116.0	4.848292016806723
116.5	4.848292016806723
117.0	4.848292016806723
117.5	4.848292016806723
118	4.918722110696875
118.5	4.918722110696875
119.0	4.918722110696875
119.5	4.918722110696875
120.0	4.918722110696875
120.5	4.918722110696875
121.0	4.918722110696875
121.5	5.4831303106033555
122.0	5.4831303106033555
122.5	5.4831303106033555
123.0	5.4831303106033555
123.5	5.4831303106033555
124.0	5.4831303106033555
124.5	5.479979585326953
125.0	5.479979585326953
125.5	5.479979585326953
126.0	5.479979585326953
126.5	5.479979585326953
127.0	5.479979585326953
127.5	5.283311528501958
128	5.267189139154582
128.5	5.267189139154582
129.0	5.267189139154582
129.5	5.267189139154582
130.0	5.267189139154582
130.5	5.267189139154582
131	5.255267829813284
131.5	5.255267829813284
132.0	5.255267829813284
132.5	5.255267829813284
133.0	5.255267829813284
133.5	5.255267829813284
134.0	5.255267829813284
134.5	5.510593923554394
135.0	5.510593923554394
135.5	5.510593923554394
136.0	5.510593923554394
136.5	5.510593923554394
137.0	5.510593923554394
137.5	5.572885204081633
138.0	5.572885204081633
138.5	5.572885204081633
139.0	5.572885204081633
139.5	5.572885204081633
140.0	5.572885204081633
140.5	4.455491863517061
141.0	4.455491863517061
141.5	4.455491863517061
142.0	4.455491863517061
142.5	4.455491863517061
143.0	4.455491863517061
143.5	4.455491863517061
144.0	4.455491863517061
144.5	3.8846424507658646
145.0	3.8846424507658646
145.5	3.8846424507658646
146.0	3.8846424507658646
146.5	3.8846424507658646
147.0	3.8846424507658646
147.5	3.8846424507658646
148.0	3.8846424507658646
148.5	3.8846424507658646
149	3.8683924289064877
149.5	3.8679408418657566
150.0	3.8679408418657566
150.5	3.8679408418657566
151.0	3.8679408418657566
151.5	3.8679408418657566
152.0	3.8679408418657566
152.5	3.8679408418657566
153.0	3.8679408418657566
153.5	3.832831955819796
154	3.8319931769722815
154.5	3.8319931769722815
155.0	3.8319931769722815
155.5	3.8319931769722815
156.0	3.8319931769722815
156.5	3.8319931769722815
157.0	3.8319931769722815
157.5	3.8319931769722815
158.0	3.8319931769722815
158.5	3.7696107640557424
159.0	3.7696107640557424
159.5	3.7696107640557424
160.0	3.7696107640557424
160.5	3.7696107640557424
161.0	3.7696107640557424
161.5	3.7696107640557424
162.0	3.7696107640557424
162.5	3.505825363323972
163	3.491311462130417
163.5	3.491311462130417
164.0	3.491311462130417
164.5	3.491311462130417
165.0	3.491311462130417
165.5	3.491311462130417
166.0	3.491311462130417
166.5	3.491311462130417
167.0	3.491311462130417
167.5	3.491311462130417
168	3.489280194706419
168.5	3.489280194706419
169.0	3.489280194706419
169.5	3.489280194706419
170.0	3.489280194706419
170.5	3.489280194706419
171.0	3.489280194706419
