0	1.6833425925925927
0.5	1.6833425925925927
1	1.6960010064842943
1.5	1.698008185538881
2	1.6926717095310138
2.5	1.6996072252388579
3	1.7010341997264022
3.5	1.6871432258064518
4.0	1.6871432258064518
4.5	1.407525587524709
5.0	1.407525587524709
5.5	1.407525587524709
6.0	1.407525587524709
6.5	1.407525587524709
7.0	1.407525587524709
7.5	1.407525587524709
8.0	1.407525587524709
8.5	1.407525587524709
9	1.2359870329295344
9.5	1.2359870329295344
10.0	1.2359870329295344
10.5	1.2359870329295344
11.0	1.2359870329295344
11.5	1.2359870329295344
12.0	1.2359870329295344
12.5	1.2359870329295344
13.0	1.2359870329295344
13.5	1.2359870329295344
14.0	1.2359870329295344
14.5	1.2359870329295344
15	1.2792364294330518
15.5	1.2792364294330518
16.0	1.2792364294330518
16.5	1.2792364294330518
17.0	1.2792364294330518
17.5	1.2792364294330518
18.0	1.2792364294330518
18.5	1.2792364294330518
19.0	1.2792364294330518
19.5	1.2792364294330518
20.0	1.2792364294330518
20.5	1.2792364294330518
21.0	1.2792364294330518
21.5	1.2792364294330518
22	1.2319725532683279
22.5	1.2319725532683279
23.0	1.2319725532683279
23.5	1.2319725532683279
24.0	1.2319725532683279
24.5	1.2319725532683279
25.0	1.2319725532683279
25.5	1.2319725532683279
26.0	1.2319725532683279
26.5	1.2319725532683279
27.0	1.2319725532683279
27.5	1.2230016728002677
28.0	1.2230016728002677
28.5	1.2230016728002677
29.0	1.2230016728002677
29.5	1.2230016728002677
30.0	1.2230016728002677
30.5	1.2230016728002677
31.0	1.2230016728002677
31.5	1.2230016728002677
32.0	1.2230016728002677
32.5	1.2230016728002677
33.0	1.2230016728002677
33.5	1.2154141610087295
34.0	1.2154141610087295
34.5	1.2154141610087295
35.0	1.2154141610087295
35.5	1.2154141610087295
36.0	1.2154141610087295
36.5	1.2154141610087295
37.0	1.2154141610087295
37.5	1.2154141610087295
38.0	1.2154141610087295
38.5	1.2154141610087295
39.0	1.2154141610087295
39.5	1.2154141610087295
40	0.9836094488188976
40.5	0.9836094488188976
41.0	0.9836094488188976
41.5	0.7348388571428571
42.0	0.7348388571428571
42.5	0.7348388571428571
43.0	0.7348388571428571
43.5	1.4269920634920634
44.0	1.4269920634920634
44.5	1.503888455103179
45.0	1.503888455103179
45.5	1.503888455103179
46.0	1.503888455103179
46.5	1.2186821963394343
47.0	1.2186821963394343
47.5	1.2186821963394343
48.0	1.2186821963394343
48.5	1.2186821963394343
49	1.2134931743292012
49.5	1.2134931743292012
50.0	1.2134931743292012
50.5	1.2134931743292012
51.0	1.2134931743292012
51.5	1.2134931743292012
52.0	1.2134931743292012
52.5	1.2134931743292012
53.0	1.2134931743292012
53.5	1.2134931743292012
54.0	1.2134931743292012
54.5	1.2134931743292012
55.0	1.2134931743292012
55.5	1.2141384509938313
56.0	1.2141384509938313
56.5	1.2141384509938313
57.0	1.2141384509938313
57.5	1.2141384509938313
58.0	1.2141384509938313
58.5	1.2141384509938313
59.0	1.2141384509938313
59.5	1.2141384509938313
60.0	1.2141384509938313
60.5	1.2141384509938313
61	1.2145151952430968
61.5	1.2145195204426684
62.0	1.2145195204426684
62.5	1.2145195204426684
63.0	1.2145195204426684
63.5	1.2145195204426684
64.0	1.2145195204426684
64.5	1.2145195204426684
65.0	1.2145195204426684
65.5	1.2145195204426684
66.0	1.2145195204426684
66.5	1.2145195204426684
67.0	1.2145195204426684
67.5	1.2145195204426684
68	1.1861323900960081
68.5	1.1861323900960081
69.0	1.1861323900960081
69.5	1.1861323900960081
70.0	1.1861323900960081
70.5	1.1861323900960081
71.0	1.1861323900960081
71.5	1.1861323900960081
72	1.2116887608069165
72.5	1.2116887608069165
73	1.2126959036640594
73.5	1.2127723342939483
74.0	1.2127723342939483
74.5	1.2058604651162792
75.0	1.2058604651162792
75.5	1.2058604651162792
76.0	1.2058604651162792
76.5	1.2058604651162792
77	1.2284544076108064
77.5	1.2289544235924932
78.0	1.2289544235924932
78.5	1.2289544235924932
79.0	1.2289544235924932
79.5	1.2288621425522834
80.0	1.2288621425522834
80.5	1.2288621425522834
81.0	1.2288621425522834
81.5	1.2288621425522834
82	1.1874902267396403
82.5	1.1874902267396403
83.0	1.1874902267396403
83.5	1.1874902267396403
84.0	1.1874902267396403
84.5	1.2055979843225084
85.0	1.2055979843225084
85.5	1.2055979843225084
86.0	1.2055979843225084
86.5	1.2055979843225084
87.0	1.2055979843225084
87.5	1.2055979843225084
88.0	1.2055979843225084
88.5	1.2055979843225084
89.0	1.2055979843225084
89.5	1.2055979843225084
90.0	1.2055979843225084
90.5	1.2055979843225084
91.0	1.2055979843225084
91.5	1.2055979843225084
92	1.216521460088247
92.5	1.216521460088247
93.0	1.216521460088247
93.5	1.216521460088247
94.0	1.216521460088247
94.5	1.216521460088247
95.0	1.216521460088247
95.5	1.216521460088247
96.0	1.216521460088247
96.5	1.216521460088247
97	1.1982115473441108
97.5	1.1982115473441108
98.0	1.1982115473441108
98.5	1.1982115473441108
99.0	1.1982115473441108
99.5	1.1982115473441108
100.0	1.1982115473441108
100.5	1.1982115473441108
101.0	1.1982115473441108
101.5	1.1982115473441108
102.0	1.1982115473441108
102.5	1.1982115473441108
103.0	1.1982115473441108
103.5	1.226856514222851
104.0	1.226856514222851
104.5	1.226856514222851
105.0	1.226856514222851
105.5	1.226856514222851
106.0	1.226856514222851
106.5	1.226856514222851
107.0	1.226856514222851
107.5	1.226856514222851
108.0	1.226856514222851
108.5	1.226856514222851
109.0	1.226856514222851
109.5	1.226856514222851
110	1.213517193469955
110.5	1.213517193469955
111.0	1.213517193469955
111.5	1.213517193469955
112.0	1.213517193469955
112.5	1.213517193469955
113.0	1.213517193469955
113.5	1.213517193469955
114.0	1.213517193469955
114.5	1.213517193469955
115.0	1.213517193469955
115.5	1.213517193469955
116	1.2586453546453547
116.5	1.2586453546453547
117	1.2566026200873361
117.5	1.2566026200873361
118	1.2259450631031923
118.5	1.2259450631031923
119.0	1.2259450631031923
119.5	1.2259450631031923
120.0	1.2259450631031923
120.5	1.2259450631031923
121	1.2246671102239963
121.5	1.2246671102239963
122.0	1.2246671102239963
122.5	1.2246671102239963
123.0	1.2246671102239963
123.5	1.2246671102239963
124.0	1.2246671102239963
124.5	1.2246671102239963
125.0	1.2246671102239963
125.5	1.1788894269572237
126.0	1.1788894269572237
126.5	1.1788894269572237
127.0	1.1788894269572237
127.5	1.1788894269572237
128	1.2074554455445545
128.5	1.2074554455445545
129.0	1.2074554455445545
129.5	1.2074554455445545
130.0	1.2074554455445545
130.5	1.2074554455445545
131.0	1.2074554455445545
131.5	1.236813704496788
132.0	1.236813704496788
132.5	1.236813704496788
133.0	1.236813704496788
133.5	1.236813704496788
134.0	1.236813704496788
134.5	1.236813704496788
135.0	1.236813704496788
135.5	1.236813704496788
136.0	1.236813704496788
136.5	1.236813704496788
137.0	1.236813704496788
137.5	0.946279614683676
138.0	0.946279614683676
138.5	0.946279614683676
139.0	0.946279614683676
139.5	0.946279614683676
140.0	0.946279614683676
140.5	0.946279614683676
141.0	0.946279614683676
141.5	0.946279614683676
142.0	0.946279614683676
142.5	0.946279614683676
143.0	0.946279614683676
143.5	0.946279614683676
144.0	0.946279614683676
144.5	0.946279614683676
145.0	0.946279614683676
145.5	1.2442948353668728
146.0	1.2442948353668728
146.5	1.2442948353668728
147.0	1.2442948353668728
147.5	1.2442948353668728
148.0	1.2442948353668728
148.5	1.2442948353668728
149.0	1.2442948353668728
149.5	1.2442948353668728
150.0	1.2442948353668728
150.5	1.2442948353668728
151.0	1.2442948353668728
151.5	1.19105098855359
152.0	1.19105098855359
152.5	1.19105098855359
153.0	1.19105098855359
153.5	1.19105098855359
154.0	1.19105098855359
154.5	1.19105098855359
155.0	1.19105098855359
155.5	1.19105098855359
156.0	1.19105098855359
156.5	1.19105098855359
157.0	1.19105098855359
157.5	1.209015873015873
158.0	1.209015873015873
158.5	1.2793832599118944
159.0	1.2793832599118944
159.5	1.2811301115241636
160.0	1.2811301115241636
160.5	1.2570078320227431
161	1.2541831041257367
161.5	1.2541831041257367
162.0	1.2541831041257367
162.5	1.2541831041257367
163.0	1.2541831041257367
163.5	1.224327879071217
164.0	1.224327879071217
164.5	1.224327879071217
165.0	1.224327879071217
165.5	1.224327879071217
166.0	1.224327879071217
166.5	1.224327879071217
167.0	1.224327879071217
167.5	1.224327879071217
168.0	1.224327879071217
168.5	1.224327879071217
169.0	1.224327879071217
169.5	1.224327879071217
170	1.2092139737991268
170.5	1.2092139737991268
171.0	1.2092139737991268
171.5	1.2092139737991268
172.0	1.2092139737991268
172.5	1.2092139737991268
173.0	1.2092139737991268
173.5	1.2092139737991268
174.0	1.2092139737991268
174.5	1.2092139737991268
175.0	1.2092139737991268
175.5	1.20244361569881
176.0	1.20244361569881
176.5	1.20244361569881
177.0	1.20244361569881
177.5	1.20244361569881
178.0	1.20244361569881
178.5	1.20244361569881
179.0	1.20244361569881
179.5	1.20244361569881
180.0	1.20244361569881
180.5	1.20244361569881
181.0	1.20244361569881
181.5	1.2309352517985612
182.0	1.2309352517985612
182.5	1.2309352517985612
183.0	1.2309352517985612
183.5	1.2309352517985612
184.0	1.2309352517985612
184.5	1.2309352517985612
185.0	1.2309352517985612
