0	2.5560773286467486
0.5	2.5560773286467486
1	2.593
1.5	2.57208275862069
2	2.540564784053156
2.5	2.540564784053156
3.0	2.540564784053156
3.5	2.542461776061776
4.0	2.542461776061776
4.5	3.002767291390547
5	3.041511153298529
5.5	3.041511153298529
6.0	3.041511153298529
6.5	3.041511153298529
7	2.4465113137453565
7.5	2.4465113137453565
8.0	2.4465113137453565
8.5	2.4465113137453565
9.0	2.4465113137453565
9.5	2.4465113137453565
10	2.8807796264855687
10.5	2.8807796264855687
11.0	2.8807796264855687
11.5	2.8807796264855687
12.0	2.8807796264855687
12.5	2.8807796264855687
13	2.8007651888341543
13.5	2.8007651888341543
14.0	2.8007651888341543
14.5	2.8007651888341543
15.0	2.8007651888341543
15.5	3.0513789649415695
16.0	3.0513789649415695
16.5	3.0513789649415695
17.0	3.0513789649415695
17.5	3.0513789649415695
18	2.915297402093835
18.5	2.915297402093835
19.0	2.915297402093835
19.5	2.915297402093835
20.0	2.915297402093835
20.5	2.2548153609831028
21.0	2.2548153609831028
21.5	2.2548153609831028
22.0	2.2548153609831028
22.5	2.2548153609831028
23.0	2.2548153609831028
23.5	2.2548153609831028
24	3.1548554768846317
24.5	3.1548554768846317
25.0	3.1548554768846317
25.5	3.1548554768846317
26.0	3.1548554768846317
26.5	3.215511040452217
27.0	3.215511040452217
27.5	3.215511040452217
28.0	3.215511040452217
28.5	3.215511040452217
29.0	3.215511040452217
29.5	3.215511040452217
30.0	3.215511040452217
30.5	3.215511040452217
31.0	3.215511040452217
31.5	3.215511040452217
32	3.3010683127572014
32.5	3.3010683127572014
33.0	3.3010683127572014
33.5	3.3010683127572014
34.0	3.3010683127572014
34.5	3.3010683127572014
35.0	3.3010683127572014
35.5	3.3010683127572014
36.0	3.3010683127572014
36.5	3.3010683127572014
37	3.2144603322755274
37.5	3.2144603322755274
38.0	3.2144603322755274
38.5	3.2144603322755274
39.0	3.2144603322755274
39.5	3.2144603322755274
40.0	3.2144603322755274
40.5	3.2144603322755274
41.0	3.2144603322755274
41.5	3.2144603322755274
42.0	3.2144603322755274
42.5	3.267483410631466
43.0	3.267483410631466
43.5	3.267483410631466
44.0	3.267483410631466
44.5	3.267483410631466
45.0	3.267483410631466
45.5	3.267483410631466
46.0	3.267483410631466
46.5	3.267483410631466
47.0	3.267483410631466
47.5	3.267483410631466
48	3.3018228456913827
48.5	3.3018228456913827
49.0	3.3018228456913827
49.5	3.3018228456913827
50.0	3.3018228456913827
50.5	3.3018228456913827
51.0	3.3018228456913827
51.5	3.3018228456913827
52.0	3.3018228456913827
52.5	3.3018228456913827
53	3.2949881440175686
53.5	3.294845697329377
54.0	3.294845697329377
54.5	3.294845697329377
55.0	3.294845697329377
55.5	3.294845697329377
56.0	3.294845697329377
56.5	3.294845697329377
57.0	3.294845697329377
57.5	3.294845697329377
58.0	3.294845697329377
58.5	3.2835497604534956
59	3.283317221693625
59.5	3.283317221693625
60.0	3.283317221693625
60.5	3.283317221693625
61.0	3.283317221693625
61.5	3.283317221693625
62.0	3.283317221693625
62.5	3.283317221693625
63.0	3.283317221693625
63.5	3.283317221693625
64	3.266903703703704
64.5	3.266903703703704
65.0	3.266903703703704
65.5	3.266903703703704
66.0	3.266903703703704
66.5	3.266903703703704
67.0	3.266903703703704
67.5	3.266903703703704
68.0	3.266903703703704
68.5	3.266903703703704
69	3.320332248884876
69.5	3.32348768849017
70.0	3.32348768849017
70.5	3.32348768849017
71.0	3.32348768849017
71.5	3.32348768849017
72.0	3.32348768849017
72.5	3.32348768849017
73.0	3.32348768849017
73.5	3.32348768849017
74.0	3.32348768849017
74.5	3.2941701575532902
75.0	3.2941701575532902
75.5	3.2941701575532902
76.0	3.2941701575532902
76.5	3.2941701575532902
77.0	3.2941701575532902
77.5	3.2941701575532902
78.0	3.2941701575532902
78.5	3.2941701575532902
79.0	3.2941701575532902
79.5	3.2941701575532902
80	3.3169574036511156
80.5	3.3169574036511156
81.0	3.3169574036511156
81.5	3.3169574036511156
82.0	3.3169574036511156
82.5	3.3169574036511156
83.0	3.3169574036511156
83.5	3.3169574036511156
84.0	3.3169574036511156
84.5	3.3169574036511156
85	3.348836140888208
85.5	3.348836140888208
86.0	3.348836140888208
86.5	3.348836140888208
87.0	3.348836140888208
87.5	3.348836140888208
88.0	3.348836140888208
88.5	3.348836140888208
89.0	3.348836140888208
89.5	3.348836140888208
90.0	3.348836140888208
90.5	3.379182985553772
91.0	3.379182985553772
91.5	3.379182985553772
92.0	3.379182985553772
92.5	3.379182985553772
93.0	3.379182985553772
93.5	3.379182985553772
94.0	3.379182985553772
94.5	3.379182985553772
95.0	3.379182985553772
95.5	3.3682031438935915
96.0	3.3682031438935915
96.5	3.3682031438935915
97	3.3679008850698304
97.5	3.367893392559689
98.0	3.367893392559689
98.5	3.367893392559689
99	3.2754141414141413
99.5	3.2754141414141413
100.0	3.2754141414141413
100.5	3.2754141414141413
101.0	3.2754141414141413
101.5	3.2338392709196353
102.0	3.2338392709196353
102.5	3.2338392709196353
103.0	3.2338392709196353
103.5	3.2338392709196353
104	3.3131493598862023
104.5	3.3131493598862023
105.0	3.3131493598862023
105.5	3.3131493598862023
106.0	3.3131493598862023
106.5	3.344557161629435
107.0	3.344557161629435
107.5	3.344557161629435
108.0	3.344557161629435
108.5	3.343087629328569
109	3.3430103871576957
109.5	3.3430103871576957
110.0	3.3430103871576957
110.5	3.3430103871576957
111	3.343815906338312
111.5	3.343815906338312
112.0	3.343815906338312
112.5	3.343815906338312
113.0	3.343815906338312
113.5	3.291548582635051
114.0	3.291548582635051
114.5	3.291548582635051
115.0	3.291548582635051
115.5	3.291548582635051
116.0	3.291548582635051
116.5	3.291548582635051
117.0	3.291548582635051
117.5	3.291548582635051
118.0	3.291548582635051
118.5	3.291548582635051
119	3.318350999276026
119.5	3.318804953560371
120.0	3.318804953560371
120.5	3.318804953560371
121.0	3.318804953560371
121.5	3.318804953560371
122.0	3.318804953560371
122.5	3.318804953560371
123.0	3.318804953560371
123.5	3.318804953560371
124.0	3.318804953560371
124.5	3.3496724100327158
125.0	3.3496724100327158
125.5	3.3496724100327158
126.0	3.3496724100327158
126.5	3.3496724100327158
127.0	3.3496724100327158
127.5	3.3496724100327158
128.0	3.3496724100327158
128.5	3.3496724100327158
129	3.285831568545258
129.5	3.2842164022175493
130.0	3.2842164022175493
130.5	3.2842164022175493
131.0	3.2842164022175493
131.5	3.2842164022175493
132.0	3.2842164022175493
132.5	3.2842164022175493
133.0	3.2842164022175493
133.5	3.2842164022175493
134.0	3.2842164022175493
134.5	3.387095238095238
135.0	3.387095238095238
135.5	3.387095238095238
136.0	3.387095238095238
136.5	3.387095238095238
137.0	3.387095238095238
137.5	3.387095238095238
138.0	3.387095238095238
138.5	3.387095238095238
139.0	3.387095238095238
139.5	3.3363699961134863
140.0	3.3363699961134863
140.5	3.3363699961134863
141.0	3.3363699961134863
141.5	3.3363699961134863
142.0	3.3363699961134863
142.5	3.3363699961134863
143.0	3.3363699961134863
143.5	3.3363699961134863
144.0	3.3363699961134863
144.5	3.3363699961134863
145	3.288095126705653
145.5	3.288095126705653
146.0	3.288095126705653
146.5	3.288095126705653
147.0	3.288095126705653
147.5	3.288095126705653
148.0	3.288095126705653
148.5	3.288095126705653
149.0	3.288095126705653
149.5	3.288095126705653
150	3.28877832141513
150.5	3.28877832141513
151.0	3.28877832141513
151.5	3.28877832141513
152.0	3.28877832141513
152.5	3.28877832141513
153.0	3.28877832141513
153.5	3.28877832141513
154.0	3.28877832141513
154.5	3.28877832141513
155.0	3.28877832141513
155.5	3.335709176655531
156.0	3.335709176655531
156.5	3.335709176655531
157.0	3.335709176655531
157.5	3.335709176655531
158.0	3.335709176655531
158.5	3.335709176655531
159.0	3.335709176655531
159.5	3.335709176655531
160.0	3.335709176655531
160.5	3.3565768553165944
161	3.3570771219302022
161.5	3.3570771219302022
162.0	3.3570771219302022
162.5	3.3570771219302022
163	3.2553605333284676
163.5	3.2522051716829163
164.0	3.2522051716829163
164.5	3.2522051716829163
165.0	3.2522051716829163
165.5	3.0334023166023165
166.0	3.0334023166023165
166.5	3.0334023166023165
167.0	3.0334023166023165
167.5	3.0334023166023165
168.0	3.0334023166023165
168.5	3.0387928669410154
169.0	3.0387928669410154
169.5	3.0387928669410154
170.0	3.0387928669410154
170.5	3.2273403241182077
171.0	3.2273403241182077
171.5	3.2273403241182077
172.0	3.2273403241182077
172.5	3.2273403241182077
173	3.322330097087379
173.5	3.322330097087379
174.0	3.322330097087379
