0	3.1480692640692642
0.5	3.143413264069264
1	3.112599695219376
1.5	3.1045309734513276
2	3.102490725666658
2.5	3.102271805273834
3.0	3.102271805273834
3.5	3.1119924385633273
4.0	3.1119924385633273
4.5	3.0913960443801254
5.0	3.0913960443801254
5.5	3.0913960443801254
6.0	3.0913960443801254
6.5	3.090494880546075
7.0	3.090494880546075
7.5	3.090494880546075
8.0	3.090494880546075
8.5	3.090494880546075
9	3.1122142333088774
9.5	3.1122142333088774
10.0	3.1122142333088774
10.5	3.1122142333088774
11.0	3.1122142333088774
11.5	3.1122142333088774
12	3.064988319856244
12.5	3.064988319856244
13.0	3.064988319856244
13.5	3.064988319856244
14	3.0564816053511703
14.5	3.0564816053511703
15.0	3.0564816053511703
15.5	3.0564816053511703
16.0	3.0564816053511703
16.5	3.046414910858995
17.0	3.046414910858995
17.5	3.046414910858995
18.0	3.046414910858995
18.5	3.046414910858995
19	3.0731986113648824
19.5	3.0731986113648824
20.0	3.0731986113648824
20.5	3.0731986113648824
21.0	3.0731986113648824
21.5	3.0731986113648824
22.0	3.0731986113648824
22.5	3.0731986113648824
23.0	3.0731986113648824
23.5	3.0731986113648824
24.0	3.0731986113648824
24.5	3.0404049581445354
25	3.039673946689596
25.5	3.039673946689596
26.0	3.039673946689596
26.5	3.039673946689596
27.0	3.039673946689596
27.5	3.039673946689596
28.0	3.039673946689596
28.5	3.039673946689596
29.0	3.039673946689596
29.5	3.039673946689596
30.0	3.039673946689596
30.5	2.9608015614834096
31.0	2.9608015614834096
31.5	2.9608015614834096
32.0	2.9608015614834096
32.5	2.9608015614834096
33.0	2.9608015614834096
33.5	2.9608015614834096
34.0	2.9608015614834096
34.5	2.9608015614834096
35.0	2.9608015614834096
35.5	2.9608015614834096
36.0	2.9608015614834096
36.5	2.9608015614834096
37	2.9964871124392976
37.5	2.9964871124392976
38.0	2.9964871124392976
38.5	2.9964871124392976
39.0	2.9964871124392976
39.5	2.9964871124392976
40.0	2.9964871124392976
40.5	2.9964871124392976
41.0	2.9964871124392976
41.5	2.9964871124392976
42	3.0764567469616555
42.5	3.0771736954967834
43.0	3.0771736954967834
43.5	3.0771736954967834
44.0	3.0771736954967834
44.5	3.0771736954967834
45.0	3.0771736954967834
45.5	3.0771736954967834
46.0	3.0771736954967834
46.5	3.0771736954967834
47.0	3.0771736954967834
47.5	3.0771736954967834
48	3.1062424961845005
48.5	3.1062424961845005
49.0	3.1062424961845005
49.5	3.1062424961845005
50.0	3.1062424961845005
50.5	3.1062424961845005
51.0	3.1062424961845005
51.5	3.1062424961845005
52.0	3.1062424961845005
52.5	3.1062424961845005
53.0	3.1062424961845005
53.5	3.1062424961845005
54	3.06304071388734
54.5	3.06304071388734
55.0	3.06304071388734
55.5	3.06304071388734
56.0	3.06304071388734
56.5	3.06304071388734
57.0	3.06304071388734
57.5	3.06304071388734
58.0	3.06304071388734
58.5	3.06304071388734
59.0	3.06304071388734
59.5	3.072606018678658
60.0	3.072606018678658
60.5	3.072606018678658
61.0	3.072606018678658
61.5	3.072606018678658
62.0	3.072606018678658
62.5	3.072606018678658
63.0	3.072606018678658
63.5	3.072606018678658
64.0	3.072606018678658
64.5	3.072606018678658
65	3.0553383878748055
65.5	3.0549979330301777
66.0	3.0549979330301777
66.5	3.0549979330301777
67.0	3.0549979330301777
67.5	3.0549979330301777
68	3.1914237136465324
68.5	3.1914237136465324
69.0	3.1914237136465324
69.5	3.1914237136465324
70	3.1854305960817006
70.5	3.1854305960817006
71.0	3.1854305960817006
71.5	3.1854305960817006
72.0	3.1854305960817006
72.5	3.1934878350515463
73.0	3.1934878350515463
73.5	3.1934878350515463
74.0	3.1934878350515463
74.5	3.1934878350515463
75	3.1889648882808936
75.5	3.1889648882808936
76.0	3.1889648882808936
76.5	3.1889648882808936
77.0	3.1889648882808936
77.5	3.0871542758917063
78.0	3.0871542758917063
78.5	3.0871542758917063
79.0	3.0871542758917063
79.5	3.0871542758917063
80	3.022301918265221
80.5	3.022301918265221
81.0	3.022301918265221
81.5	3.022301918265221
82.0	3.022301918265221
82.5	2.9936711852624263
83.0	2.9936711852624263
83.5	2.9936711852624263
84.0	2.9936711852624263
84.5	2.9936711852624263
85	3.1397233915746434
85.5	3.1558668054110304
86.0	3.1558668054110304
86.5	3.1558668054110304
87.0	3.1558668054110304
87.5	3.0785851811790157
88.0	3.0785851811790157
88.5	3.0785851811790157
89.0	3.0785851811790157
89.5	3.0785851811790157
90.0	3.0785851811790157
90.5	3.0785851811790157
91.0	3.0785851811790157
91.5	3.0785851811790157
92.0	3.0785851811790157
92.5	3.0785851811790157
93	3.0047066990628255
93.5	3.0047066990628255
94.0	3.0047066990628255
94.5	3.0047066990628255
95.0	3.0047066990628255
95.5	3.0047066990628255
96.0	3.0047066990628255
96.5	3.0047066990628255
97.0	3.0047066990628255
97.5	3.0047066990628255
98.0	3.0047066990628255
98.5	3.0047066990628255
99	3.0097105216307636
99.5	3.0097105216307636
100.0	3.0097105216307636
100.5	3.0097105216307636
101.0	3.0097105216307636
101.5	3.0097105216307636
102.0	3.0097105216307636
102.5	3.0097105216307636
103.0	3.0097105216307636
103.5	3.0097105216307636
104.0	3.0097105216307636
104.5	3.025143661971831
105.0	3.025143661971831
105.5	3.025143661971831
106.0	3.025143661971831
106.5	3.025143661971831
107.0	3.025143661971831
107.5	3.025143661971831
108.0	3.025143661971831
108.5	3.025143661971831
109.0	3.025143661971831
109.5	3.025143661971831
110.0	3.025143661971831
110.5	3.0585573198394695
111.0	3.0585573198394695
111.5	3.0585573198394695
112.0	3.0585573198394695
112.5	3.0585573198394695
113.0	3.0585573198394695
113.5	3.0585573198394695
114.0	3.0585573198394695
114.5	3.0585573198394695
115.0	3.0585573198394695
115.5	3.0585573198394695
116	2.893078851719151
116.5	2.890971029668412
117.0	2.890971029668412
117.5	2.890971029668412
118.0	2.890971029668412
118.5	2.890971029668412
119	2.9579992792792793
119.5	2.9579992792792793
120.0	2.9579992792792793
120.5	2.9579992792792793
121.0	2.9579992792792793
121.5	2.9579992792792793
122	3.1230504549214224
122.5	3.1230504549214224
123.0	3.1230504549214224
123.5	3.1230504549214224
124.0	3.1230504549214224
124.5	3.104133083903383
125	3.101965957446809
125.5	3.101965957446809
126.0	3.101965957446809
126.5	3.0542717025439026
127	3.0510751726940266
127.5	3.0510751726940266
128.0	3.0510751726940266
128.5	3.0510751726940266
129	3.049241950681033
129.5	3.0492114093959732
130.0	3.0492114093959732
130.5	3.0492114093959732
131.0	3.0492114093959732
131.5	3.1181916047945646
132	3.121432285115304
132.5	3.121432285115304
133.0	3.121432285115304
133.5	3.121432285115304
134	3.128405090470109
134.5	3.12874715261959
135.0	3.12874715261959
135.5	3.12874715261959
136.0	3.12874715261959
136.5	3.0617673440784867
137.0	3.0617673440784867
137.5	3.0617673440784867
138.0	3.0617673440784867
138.5	3.0617673440784867
139.0	3.0617673440784867
139.5	3.0617673440784867
140.0	3.0617673440784867
140.5	3.0617673440784867
141.0	3.0617673440784867
141.5	3.0617673440784867
142.0	3.0617673440784867
142.5	3.0652625496569157
143.0	3.0652625496569157
143.5	3.0652625496569157
144.0	3.0652625496569157
144.5	3.0652625496569157
145.0	3.0652625496569157
145.5	3.0652625496569157
146.0	3.0652625496569157
146.5	3.0652625496569157
147.0	3.0652625496569157
147.5	3.0652625496569157
148	3.0258762570308506
148.5	3.0258762570308506
149.0	3.0258762570308506
149.5	3.0258762570308506
150.0	3.0258762570308506
150.5	3.0258762570308506
151.0	3.0258762570308506
151.5	3.0258762570308506
152.0	3.0258762570308506
152.5	3.0258762570308506
153.0	3.0258762570308506
153.5	3.0258762570308506
154	3.0459774234008243
154.5	3.0459774234008243
155.0	3.0459774234008243
155.5	3.0459774234008243
156.0	3.0459774234008243
156.5	3.0459774234008243
157.0	3.0459774234008243
157.5	3.0459774234008243
158.0	3.0459774234008243
158.5	3.0459774234008243
159.0	3.0459774234008243
159.5	3.1574223471539002
160.0	3.1574223471539002
160.5	3.1574223471539002
161.0	3.1574223471539002
161.5	3.1574223471539002
162.0	3.1574223471539002
162.5	3.1574223471539002
163.0	3.1574223471539002
163.5	3.1574223471539002
164.0	3.1574223471539002
164.5	3.1574223471539002
165.0	3.1574223471539002
165.5	3.058307992202729
166.0	3.058307992202729
166.5	3.058307992202729
167.0	3.058307992202729
167.5	3.058307992202729
168.0	3.058307992202729
168.5	3.058307992202729
169.0	3.058307992202729
169.5	3.058307992202729
170.0	3.058307992202729
170.5	3.0818905970682877
171.0	3.0818905970682877
171.5	3.0818905970682877
172.0	3.0818905970682877
172.5	3.0818905970682877
173.0	3.0818905970682877
173.5	3.0818905970682877
174.0	3.0818905970682877
174.5	3.0818905970682877
175.0	3.0818905970682877
175.5	3.0818905970682877
176.0	3.0818905970682877
176.5	3.084793975255514
177.0	3.084793975255514
177.5	3.084793975255514
178.0	3.084793975255514
178.5	3.084793975255514
179.0	3.084793975255514
179.5	3.084793975255514
