0	1.6341662921348317
0.5	1.6341662921348317
1	1.644998253823936
1.5	1.6463492063492062
2	1.6429603524229075
2.5	1.6574522690378002
3	1.660154873164219
3.5	3.005829885057471
4	2.660217517642175
4.5	2.660217517642175
5.0	2.660217517642175
5.5	2.660217517642175
6.0	2.660217517642175
6.5	2.5188178025034773
7.0	2.5188178025034773
7.5	2.5188178025034773
8.0	2.5188178025034773
8.5	2.5188178025034773
9.0	2.5188178025034773
9.5	1.5929207660533233
10.0	1.5929207660533233
10.5	1.5929207660533233
11.0	1.5929207660533233
11.5	1.5929207660533233
12.0	1.5929207660533233
12.5	1.5929207660533233
13.0	1.5929207660533233
13.5	1.5929207660533233
14.0	1.5929207660533233
14.5	1.5929207660533233
15	2.8146303630363034
15.5	2.8146303630363034
16.0	2.8146303630363034
16.5	2.8146303630363034
17.0	2.8146303630363034
17.5	3.011163097199341
18.0	3.011163097199341
18.5	3.011163097199341
19.0	3.011163097199341
19.5	3.011163097199341
20	3.1497913699204023
20.5	3.1497913699204023
21.0	3.1497913699204023
21.5	3.1497913699204023
22.0	3.1497913699204023
22.5	3.7599508196721314
23.0	3.7599508196721314
23.5	3.7599508196721314
24.0	3.7599508196721314
24.5	3.7554823996033715
25.0	3.7554823996033715
25.5	3.7554823996033715
26.0	3.7554823996033715
26.5	3.6117957341845583
27	3.592561525129983
27.5	3.592561525129983
28.0	3.592561525129983
28.5	3.592561525129983
29	3.528239244848955
29.5	3.525201494177104
30.0	3.525201494177104
30.5	3.525201494177104
31.0	3.525201494177104
31.5	3.525201494177104
32.0	3.525201494177104
32.5	3.525201494177104
33.0	3.525201494177104
33.5	3.525201494177104
34	3.2693875071198026
34.5	3.2693875071198026
35.0	3.2693875071198026
35.5	3.2693875071198026
36.0	3.2693875071198026
36.5	3.2693875071198026
37.0	3.2693875071198026
37.5	3.2693875071198026
38.0	3.2693875071198026
38.5	3.2693875071198026
39	2.7672552365244214
39.5	2.7540989324913547
40.0	2.7540989324913547
40.5	2.7540989324913547
41.0	2.7540989324913547
41.5	2.7540989324913547
42.0	2.7540989324913547
42.5	2.7540989324913547
43.0	2.7540989324913547
43.5	2.7540989324913547
44.0	2.7540989324913547
44.5	2.7540989324913547
45.0	2.7540989324913547
45.5	2.7540989324913547
46	3.3817931034482758
46.5	3.3817931034482758
47.0	3.3817931034482758
47.5	3.3817931034482758
48.0	3.3817931034482758
48.5	3.3817931034482758
49.0	3.3817931034482758
49.5	3.3817931034482758
50.0	3.3817931034482758
50.5	3.3817931034482758
51	3.712812539184953
51.5	3.712812539184953
52.0	3.712812539184953
52.5	3.712812539184953
53.0	3.712812539184953
53.5	3.712812539184953
54.0	3.712812539184953
54.5	3.712812539184953
55.0	3.712812539184953
55.5	3.6996712281782145
56	3.6993636363636364
56.5	3.6993636363636364
57.0	3.6993636363636364
57.5	3.6993636363636364
58.0	3.6993636363636364
58.5	3.6993636363636364
59.0	3.6993636363636364
59.5	3.6993636363636364
60.0	3.6993636363636364
60.5	3.707835491933652
61.0	3.707835491933652
61.5	3.707835491933652
62.0	3.707835491933652
62.5	3.707835491933652
63.0	3.707835491933652
63.5	3.707835491933652
64.0	3.707835491933652
64.5	3.707835491933652
65	3.531795537525355
65.5	3.531795537525355
66.0	3.531795537525355
66.5	3.531795537525355
67.0	3.531795537525355
67.5	3.531795537525355
68.0	3.531795537525355
68.5	3.531795537525355
69.0	3.531795537525355
69.5	3.531795537525355
70	3.216660271493213
70.5	3.216660271493213
71.0	3.216660271493213
71.5	3.216660271493213
72.0	3.216660271493213
72.5	3.216660271493213
73.0	3.216660271493213
73.5	3.216660271493213
74.0	3.216660271493213
74.5	3.216660271493213
75.0	3.216660271493213
75.5	3.216660271493213
76	3.634718826405868
76.5	3.634718826405868
77.0	3.634718826405868
77.5	3.634718826405868
78.0	3.634718826405868
78.5	3.634718826405868
79.0	3.634718826405868
79.5	3.634718826405868
80.0	3.634718826405868
80.5	3.406878286270691
81.0	3.406878286270691
81.5	3.406878286270691
82.0	3.406878286270691
82.5	3.406878286270691
83.0	3.406878286270691
83.5	3.406878286270691
84.0	3.406878286270691
84.5	3.406878286270691
85.0	3.406878286270691
85.5	3.7285472658844365
86.0	3.7285472658844365
86.5	3.7285472658844365
87.0	3.7285472658844365
87.5	3.7285472658844365
88.0	3.7285472658844365
88.5	3.7285472658844365
89.0	3.7285472658844365
89.5	3.7285472658844365
90	3.689039423156164
90.5	3.688357197844496
91.0	3.688357197844496
91.5	3.688357197844496
92.0	3.688357197844496
92.5	3.688357197844496
93.0	3.688357197844496
93.5	3.688357197844496
94.0	3.688357197844496
94.5	3.688357197844496
95.0	3.688357197844496
95.5	3.6393042675893885
96.0	3.6393042675893885
96.5	3.6393042675893885
97.0	3.6393042675893885
97.5	3.6393042675893885
98.0	3.6393042675893885
98.5	3.6393042675893885
99.0	3.6393042675893885
99.5	3.6393042675893885
100	3.6963012987012984
100.5	3.6963012987012984
101.0	3.6963012987012984
101.5	3.6963012987012984
102.0	3.6963012987012984
102.5	3.6963012987012984
103.0	3.6963012987012984
103.5	3.6963012987012984
104.0	3.6963012987012984
104.5	3.6174508984538236
105.0	3.6174508984538236
105.5	3.6174508984538236
106.0	3.6174508984538236
106.5	3.6174508984538236
107.0	3.6174508984538236
107.5	3.6174508984538236
108.0	3.6174508984538236
108.5	3.6174508984538236
109.0	3.6174508984538236
109.5	3.6379479233914354
110.0	3.6379479233914354
110.5	3.6379479233914354
111.0	3.6379479233914354
111.5	3.6379479233914354
112.0	3.6379479233914354
112.5	3.6379479233914354
113.0	3.6379479233914354
113.5	3.6379479233914354
114	3.6706145663164116
114.5	3.670973076923077
115.0	3.670973076923077
115.5	3.670973076923077
116.0	3.670973076923077
116.5	3.5349455816275586
117.0	3.5349455816275586
117.5	3.5349455816275586
118.0	3.5349455816275586
118.5	3.5335460750853245
119.0	3.5335460750853245
119.5	3.5335460750853245
120.0	3.5335460750853245
120.5	3.5335460750853245
121	3.8107929433611885
121.5	3.8107929433611885
122.0	3.8107929433611885
122.5	3.8107929433611885
123	3.8119818273599195
123.5	3.8119818273599195
124.0	3.8119818273599195
124.5	3.8119818273599195
125	3.648004546417253
125.5	3.6379887710542733
126.0	3.6379887710542733
126.5	3.6379887710542733
127	3.5240484102564102
127.5	3.5240484102564102
128.0	3.5240484102564102
128.5	3.5240484102564102
129.0	3.5240484102564102
129.5	3.5240484102564102
130.0	3.5240484102564102
130.5	3.5240484102564102
131.0	3.5240484102564102
131.5	3.5240484102564102
132	3.582572927597062
132.5	3.582572927597062
133.0	3.582572927597062
133.5	3.582572927597062
134.0	3.582572927597062
134.5	3.582572927597062
135.0	3.582572927597062
135.5	3.582572927597062
136.0	3.582572927597062
136.5	3.605994733240134
137	3.6061667716866204
137.5	3.6061667716866204
138.0	3.6061667716866204
138.5	3.6061667716866204
139.0	3.6061667716866204
139.5	3.6061667716866204
140.0	3.6061667716866204
140.5	3.6061667716866204
141.0	3.6061667716866204
141.5	3.6228367697594503
142.0	3.6228367697594503
142.5	3.6228367697594503
143.0	3.6228367697594503
143.5	3.6228367697594503
144.0	3.6228367697594503
144.5	3.6228367697594503
145.0	3.6228367697594503
145.5	3.6228367697594503
146	3.314193329871506
146.5	3.311210306934445
147.0	3.311210306934445
147.5	3.311210306934445
148.0	3.311210306934445
148.5	3.311210306934445
149.0	3.311210306934445
149.5	3.311210306934445
150.0	3.311210306934445
150.5	3.311210306934445
151.0	3.311210306934445
151.5	3.5595353323547916
152.0	3.5595353323547916
152.5	3.5595353323547916
153.0	3.5595353323547916
153.5	3.5595353323547916
154.0	3.5595353323547916
154.5	3.5595353323547916
155.0	3.5595353323547916
155.5	3.5595353323547916
156.0	3.5595353323547916
156.5	2.5455715514769146
157.0	2.5455715514769146
157.5	2.5455715514769146
158.0	2.5455715514769146
158.5	2.5455715514769146
159.0	2.5455715514769146
159.5	2.5455715514769146
160.0	2.5455715514769146
160.5	2.5455715514769146
161.0	2.5455715514769146
161.5	2.5455715514769146
162.0	2.5455715514769146
162.5	2.5455715514769146
163.0	2.5455715514769146
163.5	2.6482402485329652
164.0	2.6482402485329652
164.5	2.6482402485329652
165.0	2.6482402485329652
165.5	2.6482402485329652
166.0	2.6482402485329652
166.5	2.65243484132343
167.0	2.65243484132343
167.5	2.65243484132343
168.0	2.65243484132343
168.5	2.65243484132343
169.0	2.65243484132343
169.5	3.134830188679245
170.0	3.134830188679245
170.5	3.134830188679245
171.0	3.134830188679245
171.5	3.134830188679245
172	3.6344390767579173
172.5	3.6344390767579173
173.0	3.6344390767579173
173.5	3.6430144007114906
174	3.64319391634981
174.5	3.64319391634981
