0	0.4763865050769735
0.5	0.4763865050769735
1.0	0.4763865050769735
1.5	0.4763865050769735
2.0	0.4763865050769735
2.5	0.4763865050769735
3.0	0.4763865050769735
3.5	0.48037051331532227
4.0	0.48037051331532227
4.5	0.48037051331532227
5.0	0.48037051331532227
5.5	0.48037051331532227
6	0.4787002332068462
6.5	0.4785526090675791
7.0	0.4785526090675791
7.5	0.4785526090675791
8.0	0.4785526090675791
8.5	0.48000445320086904
9	0.4800988416988417
9.5	0.4800988416988417
10.0	0.4800988416988417
10.5	0.4800988416988417
11.0	0.4800988416988417
11.5	0.4766810061975939
12.0	0.4766810061975939
12.5	0.4766810061975939
13.0	0.4766810061975939
13.5	0.4766810061975939
14.0	0.4766810061975939
14.5	0.4801863117870723
15.0	0.4801863117870723
15.5	0.4801863117870723
16.0	0.4801863117870723
16.5	0.47846630108023147
17	0.4782995319812792
17.5	0.4782995319812792
18.0	0.4782995319812792
18.5	0.4782995319812792
19.0	0.4782995319812792
19.5	0.4751595490263068
20.0	0.4751595490263068
20.5	0.4751595490263068
21.0	0.4751595490263068
21.5	0.4751595490263068
22.0	0.4751595490263068
22.5	0.47977715877437327
23.0	0.47977715877437327
23.5	0.47977715877437327
24.0	0.47977715877437327
24.5	0.47977715877437327
25	0.7594873765664325
25.5	0.7792997198879552
26.0	0.7792997198879552
26.5	0.7792997198879552
27	0.801922261484099
27.5	0.801922261484099
28.0	0.801922261484099
28.5	0.8845720524017467
29.0	0.8845720524017467
29.5	0.8845720524017467
30.0	0.8845720524017467
30.5	0.8845720524017467
31.0	0.8845720524017467
31.5	0.8845720524017467
32	0.8451197143813455
32.5	0.8451197143813455
33.0	0.8451197143813455
33.5	0.8451197143813455
34.0	0.8451197143813455
34.5	0.8451197143813455
35.0	0.8451197143813455
35.5	0.8451197143813455
36.0	0.8451197143813455
36.5	0.8451197143813455
37.0	0.8451197143813455
37.5	0.8451197143813455
38.0	0.8451197143813455
38.5	0.8451197143813455
39.0	0.8451197143813455
39.5	0.8451197143813455
40.0	0.8451197143813455
40.5	0.8451197143813455
41	0.9512524698218364
41.5	0.9527326209353096
42.0	0.9527326209353096
42.5	0.9527326209353096
43.0	0.9527326209353096
43.5	0.9527326209353096
44.0	0.9527326209353096
44.5	0.9527326209353096
45.0	0.9527326209353096
45.5	0.9527326209353096
46.0	0.9527326209353096
46.5	0.9527326209353096
47.0	0.9527326209353096
47.5	0.9527326209353096
48.0	0.9527326209353096
48.5	0.9527326209353096
49.0	0.9527326209353096
49.5	0.9527326209353096
50	0.9968042704626334
50.5	0.9968042704626334
51	1.0345706326348554
51.5	1.0370234301780692
52.0	1.0370234301780692
52.5	1.0484675799086758
53.0	1.0484675799086758
53.5	1.0246236263736264
54.0	1.0246236263736264
54.5	1.0246236263736264
55.0	1.0246236263736264
55.5	1.0246236263736264
56.0	1.0246236263736264
56.5	0.9215472877023573
57.0	0.9215472877023573
57.5	0.9215472877023573
58.0	0.9215472877023573
58.5	0.9215472877023573
59.0	0.9215472877023573
59.5	0.9215472877023573
60	1.000265880821264
60.5	1.0059892434564361
61.0	1.0059892434564361
61.5	1.0059892434564361
62.0	1.0059892434564361
62.5	1.0059892434564361
63.0	1.0059892434564361
63.5	1.206092661481231
64.0	1.206092661481231
64.5	1.206092661481231
65.0	1.206092661481231
65.5	1.206092661481231
66.0	1.206092661481231
66.5	1.206092661481231
67.0	1.206092661481231
67.5	1.206092661481231
68.0	1.206092661481231
68.5	1.206092661481231
69.0	1.206092661481231
69.5	1.2333518398967076
70.0	1.2333518398967076
70.5	1.2333518398967076
71.0	1.2333518398967076
71.5	1.2333518398967076
72.0	1.2333518398967076
72.5	1.2333518398967076
73.0	1.2333518398967076
73.5	1.2333518398967076
74.0	1.2333518398967076
74.5	1.2333518398967076
75.0	1.2333518398967076
75.5	1.2333518398967076
76	1.3655806736025393
76.5	1.3655806736025393
77.0	1.3655806736025393
77.5	1.3655806736025393
78.0	1.3655806736025393
78.5	1.3655806736025393
79.0	1.3655806736025393
79.5	1.3655806736025393
80.0	1.3655806736025393
80.5	1.3655806736025393
81.0	1.3655806736025393
81.5	1.1995540308747856
82.0	1.1995540308747856
82.5	1.1995540308747856
83.0	1.1995540308747856
83.5	1.1995540308747856
84.0	1.1995540308747856
84.5	1.1995540308747856
85.0	1.1995540308747856
85.5	1.1995540308747856
86.0	1.1995540308747856
86.5	1.1995540308747856
87.0	1.1995540308747856
87.5	1.3042498184458968
88.0	1.3042498184458968
88.5	1.3042498184458968
89.0	1.3042498184458968
89.5	1.3042498184458968
90.0	1.3042498184458968
90.5	1.3042498184458968
91.0	1.3042498184458968
91.5	1.3042498184458968
92.0	1.3042498184458968
92.5	1.3042498184458968
93	1.344070796460177
93.5	1.344070796460177
94.0	1.344070796460177
94.5	1.344070796460177
95.0	1.344070796460177
95.5	1.4818818737270876
96.0	1.4818818737270876
96.5	1.467455746367239
97.0	1.467455746367239
97.5	1.467455746367239
98	1.4611076586884326
98.5	1.4599671832269825
99.0	1.4599671832269825
99.5	1.4599671832269825
100.0	1.4599671832269825
100.5	1.4455278500845
101	1.4435073964497043
101.5	1.4435073964497043
102.0	1.4435073964497043
102.5	1.4435073964497043
103.0	1.4435073964497043
103.5	1.4435073964497043
104.0	1.4435073964497043
104.5	1.4435073964497043
105.0	1.4435073964497043
105.5	1.4435073964497043
106.0	1.4435073964497043
106.5	1.4371517893870835
107.0	1.4371517893870835
107.5	1.4371517893870835
108.0	1.4371517893870835
108.5	1.4371517893870835
109.0	1.4371517893870835
109.5	1.4371517893870835
110.0	1.4371517893870835
110.5	1.4371517893870835
111.0	1.4371517893870835
111.5	1.5554336932165411
112.0	1.5554336932165411
112.5	1.5554336932165411
113.0	1.5554336932165411
113.5	1.5554336932165411
114.0	1.5554336932165411
114.5	1.5554336932165411
115.0	1.5554336932165411
115.5	1.5554336932165411
116.0	1.5554336932165411
116.5	1.4607996698989065
117.0	1.4607996698989065
117.5	1.4607996698989065
118.0	1.4607996698989065
118.5	1.4607996698989065
119.0	1.4607996698989065
119.5	1.4607996698989065
120.0	1.4607996698989065
120.5	1.4607996698989065
121.0	1.4607996698989065
121.5	1.5412415333085225
122.0	1.5412415333085225
122.5	1.5412415333085225
123.0	1.5412415333085225
123.5	1.5412415333085225
124.0	1.5412415333085225
124.5	1.5412415333085225
125.0	1.5412415333085225
125.5	1.5412415333085225
126.0	1.5412415333085225
126.5	1.5412415333085225
127	1.4476980599647264
127.5	1.4476980599647264
128.0	1.4476980599647264
128.5	1.4476980599647264
129.0	1.4476980599647264
129.5	1.4476980599647264
130.0	1.4476980599647264
130.5	1.4476980599647264
131.0	1.4476980599647264
131.5	1.4476980599647264
132.0	1.4476980599647264
132.5	1.4703146417445483
133.0	1.4703146417445483
133.5	1.4703146417445483
134.0	1.4703146417445483
134.5	1.4703146417445483
135.0	1.4703146417445483
135.5	1.4703146417445483
136.0	1.4703146417445483
136.5	1.4703146417445483
137.0	1.4703146417445483
137.5	1.4703146417445483
138	1.5326402102496715
138.5	1.5326402102496715
139.0	1.5326402102496715
139.5	1.5326402102496715
140.0	1.5326402102496715
140.5	1.5326402102496715
141.0	1.5326402102496715
141.5	1.4455213197498826
142	1.4390646766169155
142.5	1.4390646766169155
143.0	1.4390646766169155
143.5	1.4390646766169155
144	1.457111111111111
144.5	1.457111111111111
145	1.4416236162361624
145.5	1.4416236162361624
146.0	1.4416236162361624
146.5	1.4416236162361624
147	1.3926553335571317
147.5	1.3894705882352942
148.0	1.3894705882352942
148.5	1.3894705882352942
149.0	1.3894705882352942
149.5	1.3894705882352942
150.0	1.3894705882352942
150.5	1.2999429296131895
151.0	1.2999429296131895
151.5	1.2999429296131895
152.0	1.2999429296131895
152.5	1.2999429296131895
153.0	1.2999429296131895
153.5	1.2999429296131895
154.0	1.2999429296131895
154.5	1.2999429296131895
155.0	1.2999429296131895
155.5	1.2999429296131895
156.0	1.2999429296131895
156.5	1.2999429296131895
157	1.4448828204605666
157.5	1.4448828204605666
158.0	1.4448828204605666
158.5	1.4448828204605666
159.0	1.4448828204605666
159.5	1.4448828204605666
160.0	1.4448828204605666
160.5	1.4448828204605666
161.0	1.4448828204605666
161.5	1.4448828204605666
162	1.5885374108053005
162.5	1.5885374108053005
163.0	1.5885374108053005
163.5	1.5885374108053005
164.0	1.5885374108053005
164.5	1.5885374108053005
165.0	1.5885374108053005
165.5	1.5885374108053005
166.0	1.5885374108053005
166.5	1.5885374108053005
167	1.3552291114644055
167.5	1.3552291114644055
168.0	1.3552291114644055
168.5	1.3552291114644055
169.0	1.3552291114644055
169.5	1.3552291114644055
170.0	1.3552291114644055
170.5	1.3552291114644055
171.0	1.3552291114644055
171.5	1.3552291114644055
172.0	1.3552291114644055
172.5	1.332046788391084
173	1.3318379386336667
173.5	1.3318379386336667
174.0	1.3318379386336667
174.5	1.3318379386336667
175.0	1.3318379386336667
175.5	1.3318379386336667
176.0	1.3318379386336667
176.5	1.3318379386336667
177.0	1.3318379386336667
177.5	1.3318379386336667
178.0	1.3318379386336667
178.5	1.3252999302438928
179	1.3251924227318046
179.5	1.3251924227318046
180.0	1.3251924227318046
180.5	1.3251924227318046
181.0	1.3251924227318046
181.5	1.3251924227318046
182.0	1.3251924227318046
182.5	1.3251924227318046
183.0	1.3251924227318046
183.5	1.3251924227318046
184	1.3328661417322836
184.5	1.3328661417322836
185.0	1.3328661417322836
185.5	1.3328661417322836
186.0	1.3328661417322836
186.5	1.3328661417322836
187.0	1.3328661417322836
187.5	1.3328661417322836
188.0	1.3328661417322836
188.5	1.3328661417322836
189	1.3497903757415952
189.5	1.3497903757415952
190.0	1.3497903757415952
