0	2.0116293222683264
0.5	2.0116293222683264
1	2.027100977198697
1.5	2.0237065899902786
2	2.02324773960217
2.5	2.0071128608923883
3.0	2.0071128608923883
3.5	2.0071128608923883
4	1.8612142453363483
4.5	1.8612142453363483
5.0	1.8612142453363483
5.5	1.4701251386794043
6	1.4398372881355934
6.5	1.4398372881355934
7.0	1.4398372881355934
7.5	1.6863594986987271
8	1.70530131826742
8.5	1.70530131826742
9.0	1.70530131826742
9.5	1.70530131826742
10.0	1.70530131826742
10.5	1.70530131826742
11.0	1.70530131826742
11.5	1.70530131826742
12	1.6460799379123012
12.5	1.6460799379123012
13.0	1.6460799379123012
13.5	1.6460799379123012
14.0	1.6460799379123012
14.5	1.6460799379123012
15.0	1.6460799379123012
15.5	1.6460799379123012
16.0	1.6460799379123012
16.5	1.6460799379123012
17	1.5952399153250698
17.5	1.5948256194483403
18.0	1.5948256194483403
18.5	1.5948256194483403
19.0	1.5948256194483403
19.5	1.5948256194483403
20.0	1.5948256194483403
20.5	1.5948256194483403
21.0	1.5948256194483403
21.5	1.5285603177921807
22.0	1.5285603177921807
22.5	1.5285603177921807
23.0	1.5285603177921807
23.5	1.5285603177921807
24.0	1.5285603177921807
24.5	1.5285603177921807
25.0	1.5285603177921807
25.5	1.5285603177921807
26.0	1.5285603177921807
26.5	1.5356519607843138
27.0	1.5356519607843138
27.5	1.5356519607843138
28.0	1.5356519607843138
28.5	1.5356519607843138
29.0	1.5356519607843138
29.5	1.5356519607843138
30.0	1.5356519607843138
30.5	1.5356519607843138
31.0	1.5356519607843138
31.5	1.4767452716297786
32.0	1.4767452716297786
32.5	1.4767452716297786
33.0	1.4767452716297786
33.5	1.4767452716297786
34.0	1.4767452716297786
34.5	1.4767452716297786
35.0	1.4767452716297786
35.5	1.4767452716297786
36.0	1.4767452716297786
36.5	1.5395951219512194
37.0	1.5395951219512194
37.5	1.5395951219512194
38.0	1.5395951219512194
38.5	1.5395951219512194
39.0	1.5395951219512194
39.5	1.5395951219512194
40.0	1.5395951219512194
40.5	1.5395951219512194
41.0	1.5395951219512194
41.5	1.5354874074074074
42.0	1.5354874074074074
42.5	1.5354874074074074
43.0	1.5354874074074074
43.5	1.5354874074074074
44.0	1.5354874074074074
44.5	1.5354874074074074
45.0	1.5354874074074074
45.5	1.5354874074074074
46.0	1.5354874074074074
46.5	1.5354874074074074
47	1.5971498793314272
47.5	1.6004499634769904
48.0	1.6004499634769904
48.5	1.6004499634769904
49.0	1.6004499634769904
49.5	1.6004499634769904
50.0	1.6004499634769904
50.5	1.6004499634769904
51.0	1.6004499634769904
51.5	1.5700170068027213
52.0	1.5700170068027213
52.5	1.5700170068027213
53.0	1.5700170068027213
53.5	1.5700170068027213
54.0	1.5700170068027213
54.5	1.5700170068027213
55.0	1.5700170068027213
55.5	1.5700170068027213
56.0	1.5700170068027213
56.5	1.3805055337379508
57.0	1.3805055337379508
57.5	1.3805055337379508
58.0	1.3805055337379508
58.5	1.3805055337379508
59.0	1.3805055337379508
59.5	1.3805055337379508
60.0	1.3805055337379508
60.5	1.3805055337379508
61.0	1.3805055337379508
61.5	1.3805055337379508
62	1.4360989055533038
62.5	1.4360989055533038
63.0	1.4360989055533038
63.5	1.4360989055533038
64.0	1.4360989055533038
64.5	1.4360989055533038
65.0	1.4360989055533038
65.5	1.4360989055533038
66.0	1.4360989055533038
66.5	1.4360989055533038
67	1.5599846153846153
67.5	1.5599846153846153
68.0	1.5599846153846153
68.5	1.5599846153846153
69	1.5991508059289716
69.5	1.6014292237442922
70.0	1.6014292237442922
70.5	1.6014292237442922
71	1.5774367346938776
71.5	1.5774367346938776
72.0	1.5774367346938776
72.5	1.5774367346938776
73	1.519065527065527
73.5	1.519065527065527
74.0	1.519065527065527
74.5	1.519065527065527
75	1.3485613803855199
75.5	1.340627189324437
76.0	1.340627189324437
76.5	1.340627189324437
77.0	1.340627189324437
77.5	1.4089739877713827
78	1.4119096509240245
78.5	1.4119096509240245
79.0	1.4119096509240245
79.5	1.4690594957551402
80	1.4705850562947798
80.5	1.4705850562947798
81.0	1.4705850562947798
81.5	1.4705850562947798
82.0	1.4705850562947798
82.5	1.4705850562947798
83.0	1.4705850562947798
83.5	1.4705850562947798
84.0	1.4705850562947798
84.5	1.542942799858292
85	1.5446462063086104
85.5	1.5446462063086104
86.0	1.5446462063086104
86.5	1.5446462063086104
87.0	1.5446462063086104
87.5	1.5446462063086104
88.0	1.5446462063086104
88.5	1.5446462063086104
89.0	1.5446462063086104
89.5	1.5131398453970484
90.0	1.5131398453970484
90.5	1.5131398453970484
91.0	1.5131398453970484
91.5	1.5131398453970484
92.0	1.5131398453970484
92.5	1.5131398453970484
93.0	1.5131398453970484
93.5	1.5131398453970484
94.0	1.5131398453970484
94.5	1.5131398453970484
95.0	1.5131398453970484
95.5	1.571799948173102
96.0	1.571799948173102
96.5	1.571799948173102
97.0	1.571799948173102
97.5	1.571799948173102
98.0	1.571799948173102
98.5	1.571799948173102
99	1.5618449882293357
99.5	1.561473515248796
100.0	1.561473515248796
100.5	1.561473515248796
101.0	1.561473515248796
101.5	1.561473515248796
102.0	1.561473515248796
102.5	1.561473515248796
103.0	1.561473515248796
103.5	1.561473515248796
104.0	1.561473515248796
104.5	1.4824322066084314
105.0	1.4824322066084314
105.5	1.4824322066084314
106.0	1.4824322066084314
106.5	1.4824322066084314
107.0	1.4824322066084314
107.5	1.4824322066084314
108.0	1.4824322066084314
108.5	1.4824322066084314
109.0	1.4824322066084314
109.5	1.4955977767642863
110	1.495917790622993
110.5	1.495917790622993
111.0	1.495917790622993
111.5	1.495917790622993
112.0	1.495917790622993
112.5	1.495917790622993
113.0	1.495917790622993
113.5	1.495917790622993
114.0	1.495917790622993
114.5	1.5060402366863905
115.0	1.5060402366863905
115.5	1.5060402366863905
116.0	1.5060402366863905
116.5	1.5060402366863905
117.0	1.5060402366863905
117.5	1.5060402366863905
118.0	1.5060402366863905
118.5	1.5060402366863905
119.0	1.5060402366863905
119.5	1.5060402366863905
120	1.5177912111468381
120.5	1.5177912111468381
121.0	1.5177912111468381
121.5	1.5177912111468381
122.0	1.5177912111468381
122.5	1.5177912111468381
123.0	1.5177912111468381
123.5	1.5177912111468381
124.0	1.5177912111468381
124.5	1.5308401280898027
125	1.5309855822550833
125.5	1.5309855822550833
126.0	1.5309855822550833
126.5	1.5309855822550833
127.0	1.5309855822550833
127.5	1.5309855822550833
128.0	1.5309855822550833
128.5	1.5309855822550833
129.0	1.5309855822550833
129.5	1.5309855822550833
130	1.5230781905202666
130.5	1.5229554140127388
131	1.457257443327697
131.5	1.4526544007956241
132.0	1.4526544007956241
132.5	1.4526544007956241
133.0	1.4526544007956241
133.5	1.47785500575374
134.0	1.47785500575374
134.5	1.47785500575374
135	1.5533090608191973
135.5	1.5533090608191973
136.0	1.5533090608191973
136.5	1.5533090608191973
137.0	1.5533090608191973
137.5	1.5533090608191973
138.0	1.5533090608191973
138.5	1.5533090608191973
139.0	1.5533090608191973
139.5	1.5533090608191973
140	1.5271680672268908
140.5	1.5271680672268908
141.0	1.5271680672268908
141.5	1.5271680672268908
142.0	1.5271680672268908
142.5	1.5271680672268908
143.0	1.5271680672268908
143.5	1.5271680672268908
144.0	1.5271680672268908
144.5	1.5271680672268908
145	1.4452758687633471
145.5	1.4452758687633471
146.0	1.4452758687633471
146.5	1.4452758687633471
147.0	1.4452758687633471
147.5	1.4452758687633471
148.0	1.4452758687633471
148.5	1.4452758687633471
149.0	1.4452758687633471
149.5	1.4452758687633471
150	1.4038430089942762
150.5	1.4038430089942762
151.0	1.4038430089942762
151.5	1.4038430089942762
152.0	1.4038430089942762
152.5	1.4038430089942762
153.0	1.4038430089942762
153.5	1.4038430089942762
154.0	1.4038430089942762
154.5	1.4038430089942762
155	1.486091097603871
155.5	1.4909163636363638
156.0	1.4909163636363638
156.5	1.4909163636363638
157.0	1.4909163636363638
157.5	1.4909163636363638
158.0	1.4909163636363638
158.5	1.4909163636363638
159.0	1.4909163636363638
159.5	1.4909163636363638
160.0	1.4909163636363638
160.5	1.4909163636363638
161	1.4923258261418648
161.5	1.4923258261418648
162.0	1.4923258261418648
162.5	1.4923258261418648
163.0	1.4923258261418648
163.5	1.4923258261418648
164.0	1.4923258261418648
164.5	1.4923258261418648
165.0	1.4923258261418648
165.5	1.4987311526310039
166	1.4990371953826422
166.5	1.4990371953826422
167.0	1.4990371953826422
167.5	1.4990371953826422
168.0	1.4990371953826422
168.5	1.5166855845629965
169.0	1.5166855845629965
169.5	1.6760628272251308
170	1.8885675616302087
170.5	1.9247267441860465
171.0	1.9247267441860465
171.5	1.6760987065397146
172	1.6538739618954568
172.5	1.6538739618954568
173.0	1.6538739618954568
173.5	1.6538739618954568
174.0	1.6538739618954568
174.5	1.6538739618954568
175.0	1.6538739618954568
175.5	1.6538739618954568
176	1.5155963302752293
176.5	1.5155963302752293
177.0	1.5155963302752293
177.5	1.5155963302752293
178.0	1.5155963302752293
178.5	1.5155963302752293
