0	1.7933514180024661
0.5	1.7933514180024661
1	1.8090697674418605
1.5	1.8090697674418605
2	1.8133808752025933
2.5	1.8073488372093023
3.0	1.8073488372093023
3.5	2.0603518737672584
4.0	2.0603518737672584
4.5	2.0603518737672584
5.0	2.0603518737672584
5.5	2.0603518737672584
6	2.144016058882569
6.5	2.144016058882569
7.0	2.144016058882569
7.5	2.144016058882569
8.0	2.144016058882569
8.5	2.144016058882569
9	1.7125579196217493
9.5	1.7125579196217493
10.0	1.7125579196217493
10.5	1.7125579196217493
11.0	1.7125579196217493
11.5	1.7125579196217493
12.0	1.7125579196217493
12.5	1.7125579196217493
13.0	1.7125579196217493
13.5	1.313906767848846
14.0	1.313906767848846
14.5	1.313906767848846
15.0	1.313906767848846
15.5	1.313906767848846
16.0	1.313906767848846
16.5	1.313906767848846
17.0	1.313906767848846
17.5	1.313906767848846
18.0	1.313906767848846
18.5	1.313906767848846
19.0	1.313906767848846
19.5	1.313906767848846
20	1.4688189451022604
20.5	1.4688189451022604
21.0	1.4688189451022604
21.5	1.4688189451022604
22.0	1.4688189451022604
22.5	1.4688189451022604
23.0	1.4688189451022604
23.5	1.4688189451022604
24.0	1.4688189451022604
24.5	1.6752286734373392
25	1.6776282698485543
25.5	1.6776282698485543
26.0	1.6776282698485543
26.5	1.6776282698485543
27.0	1.6776282698485543
27.5	1.6776282698485543
28.0	1.6776282698485543
28.5	1.6776282698485543
29	1.6782286515945861
29.5	1.6782482142857142
30.0	1.6782482142857142
30.5	1.6782482142857142
31.0	1.6782482142857142
31.5	1.6782482142857142
32.0	1.6782482142857142
32.5	1.6782482142857142
33.0	1.6782482142857142
33.5	1.6782482142857142
34	2.528220461591457
34.5	2.528220461591457
35.0	2.528220461591457
35.5	2.528220461591457
36.0	2.528220461591457
36.5	2.528220461591457
37	2.533380602006689
37.5	2.533380602006689
38.0	2.533380602006689
38.5	2.533380602006689
39.0	2.533380602006689
39.5	2.533380602006689
40	3.043917767988253
40.5	3.043917767988253
41.0	3.043917767988253
41.5	3.043917767988253
42.0	3.043917767988253
42.5	3.043917767988253
43	3.7581749571183534
43.5	3.7581749571183534
44.0	3.7581749571183534
44.5	3.1768082500403234
45	3.1601882755669664
45.5	3.1601882755669664
46.0	3.1601882755669664
46.5	3.1601882755669664
47	3.1917424680148576
47.5	3.1917424680148576
48.0	3.1917424680148576
48.5	3.1917424680148576
49.0	3.1917424680148576
49.5	3.2577986206896554
50.0	3.2577986206896554
50.5	3.2577986206896554
51.0	3.2577986206896554
51.5	3.2577986206896554
52	3.227803921568628
52.5	3.227803921568628
53.0	3.227803921568628
53.5	3.227803921568628
54.0	3.227803921568628
54.5	3.2555242290748896
55.0	3.2555242290748896
55.5	3.2555242290748896
56.0	3.2555242290748896
56.5	3.250908751691285
57	3.2506342629482075
57.5	3.2506342629482075
58.0	3.2506342629482075
58.5	3.2506342629482075
59.0	3.2506342629482075
59.5	3.2506342629482075
60.0	3.2506342629482075
60.5	3.2506342629482075
61.0	3.2506342629482075
61.5	3.2506342629482075
62	3.260627715355805
62.5	3.260627715355805
63.0	3.260627715355805
63.5	3.260627715355805
64.0	3.260627715355805
64.5	3.260627715355805
65.0	3.260627715355805
65.5	3.260627715355805
66.0	3.260627715355805
66.5	3.260627715355805
67.0	3.260627715355805
67.5	3.5480231583150332
68.0	3.5480231583150332
68.5	3.5480231583150332
69.0	3.5480231583150332
69.5	3.5480231583150332
70.0	3.5480231583150332
70.5	3.5480231583150332
71.0	3.5480231583150332
71.5	3.5480231583150332
72.0	3.5480231583150332
72.5	1.651110662358643
73.0	1.651110662358643
73.5	1.651110662358643
74.0	1.651110662358643
74.5	1.651110662358643
75.0	1.651110662358643
75.5	1.651110662358643
76.0	1.651110662358643
76.5	1.651110662358643
77.0	1.651110662358643
77.5	1.651110662358643
78.0	1.651110662358643
78.5	1.651110662358643
79.0	1.651110662358643
79.5	1.651110662358643
80.0	1.651110662358643
80.5	1.651110662358643
81.0	1.651110662358643
81.5	1.651110662358643
82.0	1.651110662358643
82.5	1.8835364446775038
83.0	1.8835364446775038
83.5	1.8835364446775038
84.0	1.8835364446775038
84.5	1.8835364446775038
85.0	1.8835364446775038
85.5	1.8835364446775038
86.0	1.8835364446775038
86.5	2.0020662983425415
87.0	2.0020662983425415
87.5	2.0020662983425415
88.0	2.0020662983425415
88.5	2.0020662983425415
89.0	2.0020662983425415
89.5	2.0020662983425415
90	2.337891422366992
90.5	2.337891422366992
91.0	2.337891422366992
91.5	2.337891422366992
92.0	2.337891422366992
92.5	2.337891422366992
93.0	2.337891422366992
93.5	2.337891422366992
94	3.8931810012836974
94.5	3.8931810012836974
95.0	3.8931810012836974
95.5	3.1267111289674565
96.0	3.1267111289674565
96.5	3.1267111289674565
97.0	3.1267111289674565
97.5	3.1267111289674565
98	3.8173535452322738
98.5	3.8173535452322738
99.0	3.8173535452322738
99.5	3.8173535452322738
100	3.183340318906606
100.5	3.183340318906606
101.0	3.183340318906606
101.5	3.183340318906606
102.0	3.183340318906606
102.5	2.606015017064846
103.0	2.606015017064846
103.5	2.606015017064846
104.0	2.606015017064846
104.5	2.606015017064846
105.0	2.606015017064846
105.5	2.8747446203816485
106.0	2.8747446203816485
106.5	2.8747446203816485
107.0	2.8747446203816485
107.5	2.8747446203816485
108	2.870929636048527
108.5	2.870929636048527
109.0	2.870929636048527
109.5	2.870929636048527
110.0	2.870929636048527
110.5	2.870929636048527
111	2.016322279538197
111.5	2.016322279538197
112.0	2.016322279538197
112.5	2.016322279538197
113.0	2.016322279538197
113.5	2.016322279538197
114.0	2.016322279538197
114.5	2.016322279538197
115	1.4748503230254515
115.5	1.4685989887203423
116.0	1.4685989887203423
116.5	1.4685989887203423
117.0	1.4685989887203423
117.5	1.4685989887203423
118.0	1.4685989887203423
118.5	1.4685989887203423
119.0	1.4685989887203423
119.5	1.4685989887203423
120.0	1.4685989887203423
120.5	1.4685711407705866
121.0	1.4685711407705866
121.5	1.4685711407705866
122.0	1.4685711407705866
122.5	1.4685711407705866
123.0	1.4685711407705866
123.5	1.4685711407705866
124.0	1.4685711407705866
124.5	2.2287610566933806
125.0	2.2287610566933806
125.5	2.2287610566933806
126.0	2.2287610566933806
126.5	2.2287610566933806
127.0	2.2287610566933806
127.5	2.2287610566933806
128	2.635721537345903
128.5	2.635721537345903
129.0	2.635721537345903
129.5	2.635721537345903
130.0	2.635721537345903
130.5	2.635721537345903
131	2.635262300884956
131.5	2.635262300884956
132.0	2.635262300884956
132.5	2.635262300884956
133.0	2.635262300884956
133.5	1.9536516891182776
134	1.932901773149451
134.5	1.932901773149451
135.0	1.932901773149451
135.5	1.932901773149451
136.0	1.932901773149451
136.5	1.932901773149451
137.0	1.932901773149451
137.5	1.814569595043151
138.0	1.814569595043151
138.5	1.814569595043151
139.0	1.814569595043151
139.5	1.814569595043151
140.0	1.814569595043151
140.5	1.814569595043151
141.0	1.814569595043151
141.5	1.814569595043151
142	1.4410650406504064
142.5	1.4410650406504064
143.0	1.4410650406504064
143.5	1.4410650406504064
144.0	1.4410650406504064
144.5	1.4410650406504064
145.0	1.4410650406504064
145.5	1.4410650406504064
146.0	1.4410650406504064
146.5	1.4410650406504064
147	1.4077282746160795
147.5	1.4077282746160795
148.0	1.4077282746160795
148.5	1.4077282746160795
149.0	1.4077282746160795
149.5	1.4077282746160795
150.0	1.4077282746160795
150.5	1.4077282746160795
151.0	1.4077282746160795
151.5	1.4077282746160795
152.0	1.4077282746160795
152.5	1.5682190467296386
153	1.5701907490790012
153.5	1.5701907490790012
154.0	1.5701907490790012
154.5	1.5701907490790012
155.0	1.5701907490790012
155.5	1.5701907490790012
156.0	1.5701907490790012
156.5	1.5701907490790012
157.0	1.5701907490790012
157.5	1.9050881866662284
158	1.9124907497565726
158.5	1.9124907497565726
159.0	1.9124907497565726
159.5	1.9124907497565726
160.0	1.9124907497565726
160.5	1.9124907497565726
161.0	1.9124907497565726
161.5	1.9124907497565726
162	2.2558859470468433
162.5	2.2558859470468433
163.0	2.2558859470468433
163.5	2.2558859470468433
164.0	2.2558859470468433
164.5	2.2558859470468433
165	2.988067078552515
165.5	2.988067078552515
166.0	2.988067078552515
166.5	2.988067078552515
167	3.3422418398423366
167.5	3.347868623340321
168.0	3.347868623340321
