0	1.405225120772947
0.5	1.405225120772947
1.0	1.405225120772947
1.5	1.4143636363636363
2.0	1.4143636363636363
2.5	1.4126969696969698
3	1.4143867519314073
3.5	1.4146257110352674
4	1.3930176040069644
4.5	1.3898218657661459
5.0	1.3898218657661459
5.5	1.3898218657661459
6.0	1.3898218657661459
6.5	1.3939426956941734
7	1.3941531728665209
7.5	1.3941531728665209
8.0	1.3941531728665209
8.5	1.3851089866156787
9.0	1.3851089866156787
9.5	1.3851089866156787
10.0	1.3851089866156787
10.5	1.3851089866156787
11.0	1.3851089866156787
11.5	1.3851089866156787
12.0	1.3851089866156787
12.5	1.3851089866156787
13.0	1.3851089866156787
13.5	1.3851089866156787
14	1.7180834345889024
14.5	1.7180834345889024
15.0	1.7180834345889024
15.5	1.7180834345889024
16.0	1.7180834345889024
16.5	1.7180834345889024
17.0	1.7180834345889024
17.5	1.7180834345889024
18.0	1.7180834345889024
18.5	1.7180834345889024
19	1.8815951461665748
19.5	1.8815951461665748
20.0	1.8815951461665748
20.5	1.8815951461665748
21.0	1.8815951461665748
21.5	1.8815951461665748
22.0	1.8815951461665748
22.5	1.3524054753977062
23.0	1.3524054753977062
23.5	1.3524054753977062
24.0	1.3524054753977062
24.5	1.3524054753977062
25.0	1.3524054753977062
25.5	1.3524054753977062
26.0	1.3524054753977062
26.5	1.3524054753977062
27.0	1.3524054753977062
27.5	1.3524054753977062
28	1.3394890432923572
28.5	1.3394890432923572
29.0	1.3394890432923572
29.5	1.3394890432923572
30.0	1.3394890432923572
30.5	1.3394890432923572
31.0	1.3394890432923572
31.5	1.3394890432923572
32.0	1.3394890432923572
32.5	1.3394890432923572
33.0	1.3394890432923572
33.5	1.3394890432923572
34	1.6180388007054674
34.5	1.6180388007054674
35.0	1.6180388007054674
35.5	1.6180388007054674
36.0	1.6180388007054674
36.5	1.6180388007054674
37.0	1.6180388007054674
37.5	1.6180388007054674
38.0	1.6180388007054674
38.5	1.738537525820519
39.0	1.738537525820519
39.5	1.738537525820519
40.0	1.738537525820519
40.5	1.738537525820519
41.0	1.738537525820519
41.5	1.738537525820519
42.0	1.738537525820519
42.5	1.738537525820519
43	1.4934731124388918
43.5	1.4934731124388918
44.0	1.4934731124388918
44.5	1.4934731124388918
45.0	1.4934731124388918
45.5	1.4934731124388918
46.0	1.4934731124388918
46.5	2.0539235352824665
47	2.0986743295019155
47.5	2.0986743295019155
48.0	2.0986743295019155
48.5	2.0986743295019155
49.0	2.0986743295019155
49.5	2.0986743295019155
50	2.0167558711086837
50.5	2.0167558711086837
51.0	2.0167558711086837
51.5	2.0167558711086837
52.0	2.0167558711086837
52.5	2.0167558711086837
53.0	2.0167558711086837
53.5	2.0098503172832918
54	2.0097692307692308
54.5	2.0097692307692308
55.0	2.0097692307692308
55.5	2.0097692307692308
56.0	2.0097692307692308
56.5	2.0097692307692308
57.0	2.0097692307692308
57.5	2.4117467665078283
58.0	2.4117467665078283
58.5	2.4117467665078283
59.0	2.4117467665078283
59.5	2.4117467665078283
60.0	2.4117467665078283
60.5	2.406109622411693
61.0	2.406109622411693
61.5	2.406109622411693
62.0	2.406109622411693
62.5	2.406109622411693
63.0	2.406109622411693
63.5	2.406109622411693
64	2.667884476534296
64.5	2.667884476534296
65.0	2.667884476534296
65.5	2.667884476534296
66.0	2.667884476534296
66.5	2.667884476534296
67	2.974492076730609
67.5	2.974492076730609
68.0	2.974492076730609
68.5	2.974492076730609
69.0	2.974492076730609
69.5	1.8915465346534655
70.0	1.8915465346534655
70.5	1.8915465346534655
71.0	1.8915465346534655
71.5	1.8915465346534655
72.0	1.8915465346534655
72.5	1.8915465346534655
73.0	1.8915465346534655
73.5	1.4924278280978995
74.0	1.4924278280978995
74.5	1.4924278280978995
75.0	1.4924278280978995
75.5	1.4924278280978995
76.0	1.4924278280978995
76.5	1.4924278280978995
77.0	1.4924278280978995
77.5	1.4924278280978995
78.0	1.4924278280978995
78.5	1.4924278280978995
79	2.186120662707096
79.5	2.186120662707096
80.0	2.186120662707096
80.5	2.186120662707096
81.0	2.186120662707096
81.5	2.186120662707096
82.0	2.186120662707096
82.5	2.1631460403492926
83.0	2.1631460403492926
83.5	2.1631460403492926
84.0	2.1631460403492926
84.5	2.1631460403492926
85.0	2.1631460403492926
85.5	1.8829611402060409
86	1.8761273621537664
86.5	1.8761273621537664
87.0	1.8761273621537664
87.5	1.8761273621537664
88.0	1.8761273621537664
88.5	1.8761273621537664
89.0	1.8761273621537664
89.5	1.6892296552213515
90	1.682843298163345
90.5	1.682843298163345
91.0	1.682843298163345
91.5	1.682843298163345
92.0	1.682843298163345
92.5	1.682843298163345
93.0	1.682843298163345
93.5	1.682843298163345
94.0	1.682843298163345
94.5	1.682843298163345
95	1.5779334027055152
95.5	1.5779334027055152
96.0	1.5779334027055152
96.5	1.5779334027055152
97.0	1.5779334027055152
97.5	1.5779334027055152
98.0	1.5779334027055152
98.5	1.5779334027055152
99	1.8976795903438186
99.5	1.8976795903438186
100.0	1.8976795903438186
100.5	1.8976795903438186
101.0	1.8976795903438186
101.5	1.8976795903438186
102.0	1.8976795903438186
102.5	1.8976795903438186
103	2.0521787592008414
103.5	2.0521787592008414
104.0	2.0521787592008414
104.5	2.0521787592008414
105.0	2.0521787592008414
105.5	2.0521787592008414
106.0	2.0521787592008414
106.5	2.0521787592008414
107	2.2260057343102897
107.5	2.2260057343102897
108.0	2.2260057343102897
108.5	2.2260057343102897
109.0	2.2260057343102897
109.5	2.2260057343102897
110	1.9463736936018354
110.5	1.9463736936018354
111.0	1.9463736936018354
111.5	1.9463736936018354
112.0	1.9463736936018354
112.5	1.9463736936018354
113.0	1.9463736936018354
113.5	1.9463736936018354
114	1.8026904084109716
114.5	1.7929845530514052
115.0	1.7929845530514052
115.5	1.7929845530514052
116.0	1.7929845530514052
116.5	1.7929845530514052
117.0	1.7929845530514052
117.5	1.7929845530514052
118.0	1.7929845530514052
118.5	1.785819749892195
119.0	1.785819749892195
119.5	1.785819749892195
120.0	1.785819749892195
120.5	1.785819749892195
121.0	1.785819749892195
121.5	1.785819749892195
122.0	1.785819749892195
122.5	1.785819749892195
123	1.7763358580393853
123.5	1.7763358580393853
124.0	1.7763358580393853
124.5	1.7763358580393853
125.0	1.7763358580393853
125.5	1.7763358580393853
126.0	1.7763358580393853
126.5	1.7763358580393853
127.0	1.7763358580393853
127.5	1.6976090527408616
128	1.6962120395327942
128.5	1.6962120395327942
129.0	1.6962120395327942
129.5	1.6962120395327942
130.0	1.6962120395327942
130.5	1.6962120395327942
131.0	1.6962120395327942
131.5	1.6962120395327942
132	1.582064531204732
132.5	1.580833830306316
133.0	1.580833830306316
133.5	1.580833830306316
134.0	1.580833830306316
134.5	1.580833830306316
135.0	1.580833830306316
135.5	1.580833830306316
136	1.3851127098321343
136.5	1.3851127098321343
137.0	1.3851127098321343
137.5	1.3851127098321343
138.0	1.3851127098321343
138.5	1.3851127098321343
139.0	1.3851127098321343
139.5	1.3851127098321343
140.0	1.3851127098321343
140.5	1.3851127098321343
141.0	1.3851127098321343
141.5	1.4287185534591194
142.0	1.4287185534591194
142.5	1.4287185534591194
143.0	1.4287185534591194
143.5	1.4287185534591194
144.0	1.4287185534591194
144.5	1.4287185534591194
145.0	1.4287185534591194
145.5	1.4287185534591194
146.0	1.4287185534591194
146.5	1.4551964873881158
147	1.4557324990222917
147.5	1.4557324990222917
148.0	1.4557324990222917
148.5	1.4557324990222917
149.0	1.4557324990222917
149.5	1.4557324990222917
150.0	1.4557324990222917
150.5	1.4557324990222917
151.0	1.4557324990222917
151.5	1.4557324990222917
152	2.7350059737156514
152.5	2.7350059737156514
153.0	2.7350059737156514
153.5	2.7350059737156514
154.0	2.7350059737156514
154.5	2.0644553018107965
155	1.9936883053732068
155.5	1.9936883053732068
156.0	1.9936883053732068
156.5	1.9936883053732068
157.0	1.9936883053732068
157.5	1.9936883053732068
158.0	1.9936883053732068
158.5	1.9936883053732068
159	1.075413294797688
159.5	1.075413294797688
160.0	1.075413294797688
160.5	1.075413294797688
161.0	1.075413294797688
161.5	1.075413294797688
162	1.0752063784115302
162.5	1.0752063784115302
163.0	1.0752063784115302
163.5	1.0752063784115302
164.0	1.0752063784115302
164.5	1.0752063784115302
165	1.0782105828803161
165.5	1.0783432432432432
166.0	1.0783432432432432
166.5	1.0783432432432432
167.0	1.0783432432432432
167.5	1.0783432432432432
168.0	1.0783432432432432
168.5	1.0963287671232878
169.0	1.0963287671232878
169.5	1.0939380421313505
170.0	1.0939380421313505
170.5	1.0939380421313505
171.0	1.0939380421313505
171.5	1.0939380421313505
172	1.0837003841229194
172.5	1.0837003841229194
173.0	1.0837003841229194
173.5	1.0837003841229194
174.0	1.0837003841229194
174.5	1.0837003841229194
175.0	1.0837003841229194
175.5	1.0837003841229194
176.0	1.0837003841229194
176.5	1.0837003841229194
177.0	1.0837003841229194
177.5	1.0837003841229194
178.0	1.0837003841229194
178.5	1.1965034965034966
179.0	1.1965034965034966
179.5	1.1965034965034966
180.0	1.1965034965034966
180.5	1.1965034965034966
181.0	1.1965034965034966
181.5	1.1965034965034966
182.0	1.1965034965034966
