0	1.085379104477612
0.5	1.085379104477612
1.0	1.085379104477612
1.5	1.0975661375661374
2.0	1.0975661375661374
2.5	1.0975661375661374
3	1.093700879765396
3.5	1.093700879765396
4	1.0945915492957747
4.5	1.0945915492957747
5	1.0850921161825726
5.5	1.0850921161825726
6.0	1.0850921161825726
6.5	1.0798779661016948
7.0	1.0798779661016948
7.5	1.0798779661016948
8.0	1.0798779661016948
8.5	1.0798779661016948
9	0.9336409331099369
9.5	0.9336409331099369
10.0	0.9336409331099369
10.5	0.9336409331099369
11.0	0.9336409331099369
11.5	0.9336409331099369
12.0	0.9336409331099369
12.5	0.9336409331099369
13.0	0.9336409331099369
13.5	0.9336409331099369
14.0	0.9336409331099369
14.5	0.9336409331099369
15.0	0.9336409331099369
15.5	0.9336409331099369
16.0	0.9336409331099369
16.5	0.9336409331099369
17	0.9125931758530184
17.5	0.9125931758530184
18.0	0.9125931758530184
18.5	0.9599363057324841
19.0	0.9599363057324841
19.5	0.9599363057324841
20	1.0231043940666107
20.5	1.0231043940666107
21.0	1.0231043940666107
21.5	1.0231043940666107
22.0	1.0231043940666107
22.5	1.0231043940666107
23.0	1.0231043940666107
23.5	1.0231043940666107
24.0	1.0231043940666107
24.5	1.0231043940666107
25.0	1.0231043940666107
25.5	1.0231043940666107
26.0	1.0231043940666107
26.5	1.0231043940666107
27	1.0934485165794068
27.5	1.0934485165794068
28.0	1.0934485165794068
28.5	1.0934485165794068
29.0	1.0934485165794068
29.5	1.0934485165794068
30.0	1.0934485165794068
30.5	1.0934485165794068
31.0	1.0934485165794068
31.5	1.0934485165794068
32.0	1.0934485165794068
32.5	1.0934485165794068
33.0	1.0934485165794068
33.5	1.0934485165794068
34	1.4800209719701551
34.5	1.4800209719701551
35.0	1.4800209719701551
35.5	1.4800209719701551
36.0	1.4800209719701551
36.5	1.4800209719701551
37.0	1.4800209719701551
37.5	1.4800209719701551
38.0	1.4800209719701551
38.5	1.4800209719701551
39	0.6739391604854184
39.5	0.6536205022003625
40.0	0.6536205022003625
40.5	0.6536205022003625
41.0	0.6536205022003625
41.5	0.6536205022003625
42.0	0.6536205022003625
42.5	0.6536205022003625
43.0	0.6536205022003625
43.5	0.6536205022003625
44.0	0.6536205022003625
44.5	0.6536205022003625
45.0	0.6536205022003625
45.5	0.6536205022003625
46.0	0.6536205022003625
46.5	0.6536205022003625
47.0	0.6536205022003625
47.5	0.6536205022003625
48.0	0.6536205022003625
48.5	0.6536205022003625
49.0	0.6536205022003625
49.5	0.6536205022003625
50.0	0.6536205022003625
50.5	0.6536205022003625
51	0.5581715172681412
51.5	0.5581715172681412
52.0	0.5581715172681412
52.5	0.5581715172681412
53.0	0.5581715172681412
53.5	0.6786238643246518
54.0	0.6786238643246518
54.5	0.6786238643246518
55.0	0.6786238643246518
55.5	0.7496639566395664
56.0	0.7496639566395664
56.5	0.7496639566395664
57	0.7528340983606557
57.5	0.7528340983606557
58.0	0.7528340983606557
58.5	0.73687655374165
59	0.7351604636973765
59.5	0.7351604636973765
60.0	0.7351604636973765
60.5	0.7326186498080831
61.0	0.7326186498080831
61.5	0.7326186498080831
62.0	0.7326186498080831
62.5	0.7326186498080831
63.0	0.7326186498080831
63.5	0.7326186498080831
64.0	0.7326186498080831
64.5	0.7326186498080831
65	0.672062015503876
65.5	0.672062015503876
66.0	0.672062015503876
66.5	0.672062015503876
67	0.6604020942408376
67.5	0.6604020942408376
68.0	0.6604020942408376
68.5	0.6604020942408376
69	0.6609016513710414
69.5	0.6609926701570681
70.0	0.6609926701570681
70.5	0.6609926701570681
71	0.6524009646409891
71.5	0.6518296836982969
72.0	0.6518296836982969
72.5	0.6518296836982969
73.0	0.6518296836982969
73.5	0.6518296836982969
74.0	0.6518296836982969
74.5	0.6518296836982969
75.0	0.6518296836982969
75.5	0.6518296836982969
76.0	0.6518296836982969
76.5	0.7457240349754746
77.0	0.7457240349754746
77.5	0.7457240349754746
78.0	0.7457240349754746
78.5	0.7457240349754746
79.0	0.7457240349754746
79.5	0.7457240349754746
80.0	0.7457240349754746
80.5	0.7457240349754746
81.0	0.7457240349754746
81.5	0.7457240349754746
82.0	0.7457240349754746
82.5	0.7457240349754746
83.0	0.7457240349754746
83.5	0.7457240349754746
84.0	0.7457240349754746
84.5	0.7457240349754746
85.0	0.7457240349754746
85.5	0.7457240349754746
86	0.785305685618729
86.5	0.785305685618729
87.0	0.785305685618729
87.5	0.7945187096774193
88.0	0.7945187096774193
88.5	0.7945187096774193
89	0.7938941625750137
89.5	0.7938941625750137
90.0	0.7938941625750137
90.5	0.7938941625750137
91	0.8025631768953068
91.5	0.8025631768953068
92.0	0.8025631768953068
92.5	0.7835538160469667
93.0	0.7835538160469667
93.5	0.7835538160469667
94.0	0.7835538160469667
94.5	0.7835538160469667
95.0	0.7835538160469667
95.5	0.7835538160469667
96.0	0.7835538160469667
96.5	1.093686274509804
97.0	1.093686274509804
97.5	1.093686274509804
98.0	1.093686274509804
98.5	1.093686274509804
99.0	1.093686274509804
99.5	1.093686274509804
100.0	1.093686274509804
100.5	1.093686274509804
101.0	1.093686274509804
101.5	1.129373201874899
102.0	1.129373201874899
102.5	1.129373201874899
103.0	1.129373201874899
103.5	1.129373201874899
104.0	1.129373201874899
104.5	1.129373201874899
105.0	1.129373201874899
105.5	1.129373201874899
106.0	1.129373201874899
106.5	1.129373201874899
107.0	1.129373201874899
107.5	0.8679006095026195
108	0.8550530795072789
108.5	0.8550530795072789
109.0	0.8550530795072789
109.5	0.8550530795072789
110.0	0.8550530795072789
110.5	0.8550530795072789
111.0	0.8550530795072789
111.5	0.8550530795072789
112.0	0.8550530795072789
112.5	0.8550530795072789
113.0	0.8550530795072789
113.5	0.8550530795072789
114.0	0.8550530795072789
114.5	0.8550530795072789
115.0	0.8550530795072789
115.5	0.8550530795072789
116.0	0.8550530795072789
116.5	0.8550530795072789
117	0.658405802492096
117.5	0.658405802492096
118.0	0.658405802492096
118.5	0.658405802492096
119.0	0.658405802492096
119.5	0.658405802492096
120.0	0.658405802492096
120.5	0.658405802492096
121.0	0.658405802492096
121.5	0.658405802492096
122.0	0.658405802492096
122.5	0.658405802492096
123.0	0.658405802492096
123.5	0.658405802492096
124.0	0.658405802492096
124.5	0.658405802492096
125.0	0.658405802492096
125.5	0.658405802492096
126.0	0.658405802492096
126.5	0.658405802492096
127.0	0.658405802492096
127.5	0.8323276624637128
128	0.8344301212507977
128.5	0.8344301212507977
129.0	0.8344301212507977
129.5	0.8434003527336861
130.0	0.8434003527336861
130.5	0.8434003527336861
131	0.8344301121904731
131.5	0.8339713168187745
132.0	0.8339713168187745
132.5	0.8339713168187745
133	0.7501495327102804
133.5	0.7501495327102804
134.0	0.7501495327102804
134.5	0.7501495327102804
135.0	0.7501495327102804
135.5	0.7501495327102804
136.0	0.7501495327102804
136.5	0.5921228249744115
137.0	0.5921228249744115
137.5	0.5921228249744115
138.0	0.5921228249744115
138.5	0.5921228249744115
139.0	0.5921228249744115
139.5	0.5921228249744115
140.0	0.5921228249744115
140.5	0.5921228249744115
141.0	0.5921228249744115
141.5	0.5931052322163434
142.0	0.5931052322163434
142.5	0.5931052322163434
143.0	0.5931052322163434
143.5	0.5931052322163434
144.0	0.5931052322163434
144.5	0.5931052322163434
145.0	0.5931052322163434
145.5	0.5931052322163434
146.0	0.5931052322163434
146.5	0.5992443316331671
147	0.5993646353646354
147.5	0.5993646353646354
148.0	0.5993646353646354
148.5	0.5993646353646354
149	0.7896891260840561
149.5	0.7896891260840561
150.0	0.7896891260840561
150.5	0.8450097322713169
151	0.8575205298013245
151.5	0.8575205298013245
152.0	0.8575205298013245
152.5	0.8669253731343283
153.0	0.8669253731343283
153.5	0.8669253731343283
154	0.8456941630487216
154.5	0.8456941630487216
155.0	0.8456941630487216
155.5	0.8456941630487216
156.0	0.8456941630487216
156.5	0.8456941630487216
157.0	0.8456941630487216
157.5	0.8456941630487216
158	1.0846190465044772
158.5	1.0934937286202964
159.0	1.0934937286202964
159.5	1.0934937286202964
160.0	1.0934937286202964
160.5	1.0934937286202964
161.0	1.0934937286202964
161.5	1.0934937286202964
162.0	1.0934937286202964
162.5	1.0934937286202964
163.0	1.0934937286202964
163.5	1.0934937286202964
164.0	1.0934937286202964
164.5	1.0934937286202964
165.0	1.0934937286202964
165.5	1.3087642845244045
166.0	1.3087642845244045
166.5	1.3087642845244045
167.0	1.3087642845244045
167.5	1.3087642845244045
168.0	1.3087642845244045
168.5	1.3087642845244045
169.0	1.3087642845244045
169.5	1.3087642845244045
170.0	1.3087642845244045
170.5	1.3087642845244045
171.0	1.3087642845244045
171.5	1.317573354480571
172.0	1.317573354480571
172.5	1.317573354480571
173.0	1.317573354480571
173.5	1.317573354480571
174.0	1.317573354480571
174.5	1.317573354480571
175.0	1.317573354480571
175.5	1.317573354480571
176.0	1.317573354480571
176.5	1.315004855311711
177.0	1.315004855311711
177.5	1.315004855311711
178.0	1.315004855311711
178.5	1.315004855311711
179.0	1.315004855311711
179.5	1.315004855311711
180.0	1.315004855311711
180.5	1.315004855311711
181.0	1.315004855311711
181.5	1.181390245477829
182	1.177679449360865
182.5	1.177679449360865
183.0	1.177679449360865
183.5	1.177679449360865
184.0	1.177679449360865
184.5	1.177679449360865
185.0	1.177679449360865
185.5	1.177679449360865
