0	0.4405961829748561
0.5	0.4405961829748561
1.0	0.4405961829748561
1.5	0.4405961829748561
2.0	0.4405961829748561
2.5	0.4405961829748561
3.0	0.4405961829748561
3.5	0.4423460360663252
4	0.4424600071098471
4.5	0.4424600071098471
5.0	0.4424600071098471
5.5	0.4424600071098471
6.0	0.4424600071098471
6.5	0.4401109496085469
7	0.4399748328745576
7.5	0.4399748328745576
8.0	0.4399748328745576
8.5	0.4399748328745576
9.0	0.4399748328745576
9.5	0.4421963015647226
10.0	0.4421963015647226
10.5	0.4421963015647226
11.0	0.4421963015647226
11.5	0.4421963015647226
12.0	0.4421963015647226
12.5	0.43936021505376344
13.0	0.43936021505376344
13.5	0.43936021505376344
14.0	0.43936021505376344
14.5	0.43936021505376344
15.0	0.43936021505376344
15.5	0.4443196206099073
16	0.44467957746478876
16.5	0.44467957746478876
17.0	0.44467957746478876
17.5	0.44467957746478876
18	0.5412003530450132
18.5	0.5412003530450132
19.0	0.5412003530450132
19.5	0.5412003530450132
20.0	0.5412003530450132
20.5	0.5794966666666667
21.0	0.5794966666666667
21.5	0.5794966666666667
22.0	0.5794966666666667
22.5	0.5794966666666667
23	0.6620977484898408
23.5	0.6620977484898408
24.0	0.6620977484898408
24.5	0.6620977484898408
25	0.664778972520908
25.5	0.664778972520908
26.0	0.664778972520908
26.5	0.6331499874502337
27	0.6307504168982768
27.5	0.6307504168982768
28.0	0.6307504168982768
28.5	0.5081630561910498
29	0.4894921630094044
29.5	0.4894921630094044
30.0	0.4894921630094044
30.5	0.4894921630094044
31.0	0.4894921630094044
31.5	0.4350837449741528
32.0	0.4350837449741528
32.5	0.4350837449741528
33.0	0.4350837449741528
33.5	0.4350837449741528
34.0	0.4350837449741528
34.5	0.4350837449741528
35.0	0.4350837449741528
35.5	0.4350837449741528
36.0	0.4350837449741528
36.5	0.4350837449741528
37.0	0.4350837449741528
37.5	0.4350837449741528
38.0	0.4350837449741528
38.5	0.4350837449741528
39.0	0.4350837449741528
39.5	0.4350837449741528
40.0	0.4350837449741528
40.5	0.4350837449741528
41.0	0.4350837449741528
41.5	0.4350837449741528
42.0	0.4350837449741528
42.5	0.4350837449741528
43.0	0.4350837449741528
43.5	0.4350837449741528
44.0	0.4350837449741528
44.5	0.4350837449741528
45.0	0.4350837449741528
45.5	0.4350837449741528
46.0	0.4350837449741528
46.5	0.4350837449741528
47.0	0.4350837449741528
47.5	0.4350837449741528
48.0	0.4350837449741528
48.5	0.4350837449741528
49	0.49998195606018797
49.5	0.5006641141663767
50.0	0.5006641141663767
50.5	0.5006641141663767
51.0	0.5006641141663767
51.5	0.5006641141663767
52	0.6307626332011875
52.5	0.6395022831050228
53.0	0.6395022831050228
53.5	0.6395022831050228
54	0.6230315315315316
54.5	0.6230315315315316
55.0	0.6230315315315316
55.5	0.6230315315315316
56	0.5565060591371789
56.5	0.5565060591371789
57.0	0.5565060591371789
57.5	0.5565060591371789
58	0.5534310211540417
58.5	0.55322681359045
59.0	0.55322681359045
59.5	0.55322681359045
60.0	0.55322681359045
60.5	0.2827191774854056
61.0	0.2827191774854056
61.5	0.2827191774854056
62.0	0.2827191774854056
62.5	0.2827191774854056
63.0	0.2827191774854056
63.5	0.2827191774854056
64.0	0.2827191774854056
64.5	0.2827191774854056
65.0	0.2827191774854056
65.5	0.2827191774854056
66.0	0.2827191774854056
66.5	0.2827191774854056
67.0	0.2827191774854056
67.5	0.2827191774854056
68.0	0.2827191774854056
68.5	0.2827191774854056
69.0	0.2827191774854056
69.5	0.2827191774854056
70.0	0.2827191774854056
70.5	0.2827191774854056
71.0	0.2827191774854056
71.5	0.2827191774854056
72	0.31475906687493943
72.5	0.315434648754548
73.0	0.315434648754548
73.5	0.315434648754548
74.0	0.315434648754548
74.5	0.315434648754548
75.0	0.315434648754548
75.5	0.315434648754548
76	0.3303556321253388
76.5	0.3321137440758294
77.0	0.3321137440758294
77.5	0.3321137440758294
78.0	0.3321137440758294
78.5	0.3321137440758294
79.0	0.3321137440758294
79.5	0.3321137440758294
80	0.3395665502414414
80.5	0.34011206896551727
81.0	0.34011206896551727
81.5	0.34011206896551727
82.0	0.34011206896551727
82.5	0.34011206896551727
83.0	0.34011206896551727
83.5	0.34011206896551727
84	0.3667090010910316
84.5	0.3684787861758921
85.0	0.3684787861758921
85.5	0.3684787861758921
86.0	0.3684787861758921
86.5	0.3684787861758921
87.0	0.3684787861758921
87.5	0.3684787861758921
88	0.3706603837091888
88.5	0.3706603837091888
89.0	0.3706603837091888
89.5	0.3706603837091888
90.0	0.3706603837091888
90.5	0.3706603837091888
91	0.3484803240490278
91.5	0.34662887511071744
92.0	0.34662887511071744
92.5	0.34662887511071744
93.0	0.34662887511071744
93.5	0.34662887511071744
94.0	0.34662887511071744
94.5	0.34662887511071744
95	0.3195391800726518
95.5	0.3195391800726518
96.0	0.3195391800726518
96.5	0.3195391800726518
97.0	0.3195391800726518
97.5	0.3195391800726518
98.0	0.3195391800726518
98.5	0.3195391800726518
99	0.316831700413673
99.5	0.316831700413673
100.0	0.316831700413673
100.5	0.316831700413673
101.0	0.316831700413673
101.5	0.316831700413673
102.0	0.316831700413673
102.5	0.316831700413673
103.0	0.316831700413673
103.5	0.3276073159879728
104	0.3281328413284133
104.5	0.3281328413284133
105.0	0.3281328413284133
105.5	0.3281328413284133
106.0	0.3281328413284133
106.5	0.4010413524270283
107	0.40502307185234016
107.5	0.40502307185234016
108.0	0.40502307185234016
108.5	0.40502307185234016
109.0	0.40502307185234016
109.5	0.40502307185234016
110	0.405107713217805
110.5	0.405107713217805
111.0	0.405107713217805
111.5	0.405107713217805
112.0	0.405107713217805
112.5	0.405107713217805
113	0.4017293741254274
113.5	0.40145616831367553
114.0	0.40145616831367553
114.5	0.40145616831367553
115.0	0.40145616831367553
115.5	0.40145616831367553
116.0	0.40145616831367553
116.5	0.2600421052631579
117.0	0.2600421052631579
117.5	0.2600421052631579
118.0	0.2600421052631579
118.5	0.2600421052631579
119.0	0.2600421052631579
119.5	0.2600421052631579
120.0	0.2600421052631579
120.5	0.2600421052631579
121.0	0.2600421052631579
121.5	0.23244103392568657
122.0	0.23244103392568657
122.5	0.23244103392568657
123.0	0.23244103392568657
123.5	0.23244103392568657
124.0	0.23244103392568657
124.5	0.23244103392568657
125.0	0.23244103392568657
125.5	0.23244103392568657
126.0	0.23244103392568657
126.5	0.23600780326031381
127	0.2361907514450867
127.5	0.2361907514450867
128.0	0.2361907514450867
128.5	0.2361907514450867
129.0	0.2361907514450867
129.5	0.2361907514450867
130.0	0.2361907514450867
130.5	0.2361907514450867
131.0	0.2361907514450867
131.5	0.2361907514450867
132.0	0.2361907514450867
132.5	0.9469465346534653
133.0	0.9469465346534653
133.5	0.9469465346534653
134	0.940670588235294
134.5	0.940670588235294
135.0	0.940670588235294
135.5	0.9392328278322927
136.0	0.9392328278322927
136.5	0.9075102547030718
137	0.9051897810218978
137.5	0.9051897810218978
138	0.8911444015444014
138.5	0.8911444015444014
139.0	0.8911444015444014
139.5	0.8948008948545861
140.0	0.8948008948545861
140.5	0.8948008948545861
141	0.8429605989934945
141.5	0.8429605989934945
142.0	0.8429605989934945
142.5	0.8429605989934945
143.0	0.8429605989934945
143.5	0.8429605989934945
144.0	0.8429605989934945
144.5	0.8429605989934945
145.0	0.8429605989934945
145.5	0.8429605989934945
146.0	0.8429605989934945
146.5	0.8429605989934945
147.0	0.8429605989934945
147.5	0.8429605989934945
148.0	0.8429605989934945
148.5	0.8429605989934945
149.0	0.8429605989934945
149.5	0.7124893561560518
150.0	0.7124893561560518
150.5	0.7124893561560518
151.0	0.7124893561560518
151.5	0.7124893561560518
152.0	0.7124893561560518
152.5	0.7124893561560518
153.0	0.7124893561560518
153.5	0.7124893561560518
154.0	0.7124893561560518
154.5	0.7124893561560518
155.0	0.7124893561560518
155.5	0.7124893561560518
156.0	0.7124893561560518
156.5	0.7124893561560518
157.0	0.7124893561560518
157.5	0.7124893561560518
158.0	0.7124893561560518
158.5	0.7124893561560518
159.0	0.7124893561560518
159.5	0.7124893561560518
160.0	0.7124893561560518
160.5	0.7124893561560518
161	0.5683365949119373
161.5	0.5683365949119373
162.0	0.5683365949119373
162.5	0.5683365949119373
163	0.5607041117816625
163.5	0.5601365298659082
164.0	0.5601365298659082
164.5	0.5601365298659082
165.0	0.5601365298659082
165.5	0.5601365298659082
166	0.5637974683544305
166.5	0.5637974683544305
167.0	0.5637974683544305
167.5	0.5637974683544305
168.0	0.5637974683544305
168.5	0.8369359477124183
169.0	0.8369359477124183
169.5	0.8369359477124183
170	0.8397374045801527
170.5	0.8397374045801527
171.0	0.8397374045801527
171.5	0.875559581881533
172.0	0.875559581881533
172.5	0.875559581881533
173.0	0.875559581881533
173.5	0.875559581881533
174.0	0.875559581881533
174.5	0.8837427708243418
175.0	0.8837427708243418
175.5	0.8837427708243418
176.0	0.8837427708243418
176.5	0.8837427708243418
