0	4.179333333333333
0.5	4.190707070707071
1	4.1113395784543325
1.5	4.1113395784543325
2.0	4.1113395784543325
2.5	4.1113395784543325
3	4.1090853054485414
3.5	4.1090853054485414
4.0	4.1090853054485414
4.5	4.104889862712792
5	4.104691289198606
5.5	4.104691289198606
6.0	4.104691289198606
6.5	4.104691289198606
7.0	4.104691289198606
7.5	4.013695090439277
8.0	4.013695090439277
8.5	4.013695090439277
9.0	4.013695090439277
9.5	4.013695090439277
10.0	4.013695090439277
10.5	4.013695090439277
11.0	4.013695090439277
11.5	3.6421776746148975
12.0	3.6421776746148975
12.5	3.6421776746148975
13.0	3.6421776746148975
13.5	3.6421776746148975
14.0	3.6421776746148975
14.5	3.6421776746148975
15.0	3.6421776746148975
15.5	3.6421776746148975
16.0	3.6421776746148975
16.5	3.9366944563816073
17.0	3.9366944563816073
17.5	3.9366944563816073
18.0	3.9366944563816073
18.5	3.9366944563816073
19.0	3.9366944563816073
19.5	3.9366944563816073
20.0	3.9366944563816073
20.5	3.9366944563816073
21	4.31934646703441
21.5	4.31934646703441
22.0	4.31934646703441
22.5	4.31934646703441
23.0	4.31934646703441
23.5	4.31934646703441
24.0	4.31934646703441
24.5	4.31934646703441
25	4.0612234963725715
25.5	4.0612234963725715
26.0	4.0612234963725715
26.5	4.0612234963725715
27.0	4.0612234963725715
27.5	4.0612234963725715
28.0	4.0612234963725715
28.5	4.0612234963725715
29.0	4.0612234963725715
29.5	4.0826898332942
30.0	4.0826898332942
30.5	4.0826898332942
31.0	4.0826898332942
31.5	4.0826898332942
32.0	4.0826898332942
32.5	4.0826898332942
33.0	4.0826898332942
33.5	4.21202486039163
34	4.213330661322645
34.5	4.213330661322645
35.0	4.213330661322645
35.5	4.213330661322645
36.0	4.213330661322645
36.5	4.213330661322645
37.0	4.213330661322645
37.5	4.213330661322645
38	6.46987701317716
38.5	6.46987701317716
39.0	6.46987701317716
39.5	6.46987701317716
40.0	6.46987701317716
40.5	6.8014095483861645
41	6.8329609609609605
41.5	6.8329609609609605
42.0	6.8329609609609605
42.5	6.8329609609609605
43.0	6.8329609609609605
43.5	7.018019247594051
44.0	7.018019247594051
44.5	7.018019247594051
45.0	7.018019247594051
45.5	7.018019247594051
46	7.29964561254769
46.5	7.29964561254769
47.0	7.29964561254769
47.5	7.29964561254769
48.0	7.29964561254769
48.5	7.501028665028665
49.0	7.501028665028665
49.5	7.501028665028665
50.0	7.501028665028665
50.5	7.501028665028665
51	4.570345631067961
51.5	4.570345631067961
52.0	4.570345631067961
52.5	4.570345631067961
53.0	4.570345631067961
53.5	4.570345631067961
54.0	4.570345631067961
54.5	4.512524257048514
55.0	4.512524257048514
55.5	4.512524257048514
56.0	4.512524257048514
56.5	4.512524257048514
57.0	4.512524257048514
57.5	4.512524257048514
58.0	4.512524257048514
58.5	4.596119339371337
59.0	4.596119339371337
59.5	4.596119339371337
60.0	4.596119339371337
60.5	4.596119339371337
61.0	4.596119339371337
61.5	4.596119339371337
62.0	4.596119339371337
62.5	4.497845644983462
63.0	4.497845644983462
63.5	4.497845644983462
64.0	4.497845644983462
64.5	4.497845644983462
65.0	4.497845644983462
65.5	4.497845644983462
66	4.246768780487805
66.5	4.246768780487805
67.0	4.246768780487805
67.5	4.246768780487805
68.0	4.246768780487805
68.5	4.246768780487805
69.0	4.246768780487805
69.5	4.246768780487805
70	3.8662892755557077
70.5	3.8392845106934543
71.0	3.8392845106934543
71.5	3.8392845106934543
72.0	3.8392845106934543
72.5	3.8392845106934543
73.0	3.8392845106934543
73.5	3.8392845106934543
74.0	3.8392845106934543
74.5	3.8392845106934543
75	3.646064659977703
75.5	3.646064659977703
76.0	3.646064659977703
76.5	3.646064659977703
77.0	3.646064659977703
77.5	3.646064659977703
78.0	3.646064659977703
78.5	3.646064659977703
79.0	3.646064659977703
79.5	4.026108121449869
80	4.035598615916955
80.5	4.035598615916955
81.0	4.035598615916955
81.5	4.035598615916955
82.0	4.035598615916955
82.5	4.035598615916955
83.0	4.035598615916955
83.5	4.035598615916955
84	4.218899799599199
84.5	4.218899799599199
85.0	4.218899799599199
85.5	4.218899799599199
86.0	4.218899799599199
86.5	4.218899799599199
87.0	4.218899799599199
87.5	4.218899799599199
88	7.500658242087773
88.5	7.586977038796516
89.0	7.586977038796516
89.5	7.586977038796516
90.0	7.586977038796516
90.5	7.586977038796516
91	5.539460674157303
91.5	5.539460674157303
92.0	5.539460674157303
92.5	5.539460674157303
93.0	5.539460674157303
93.5	4.234448374657691
94	4.209246241064826
94.5	4.209246241064826
95.0	4.209246241064826
95.5	4.209246241064826
96.0	4.209246241064826
96.5	4.209246241064826
97.0	4.209246241064826
97.5	4.209246241064826
98	4.465597111168429
98.5	4.465597111168429
99.0	4.465597111168429
99.5	4.465597111168429
100.0	4.465597111168429
100.5	4.465597111168429
101.0	4.465597111168429
101.5	4.570650837455473
102	4.5740108225108225
102.5	4.5740108225108225
103.0	4.5740108225108225
103.5	4.5740108225108225
104.0	4.5740108225108225
104.5	4.5740108225108225
105.0	4.5740108225108225
105.5	4.227095158692514
106	4.199124144672532
106.5	4.199124144672532
107.0	4.199124144672532
107.5	4.199124144672532
108.0	4.199124144672532
108.5	4.199124144672532
109.0	4.199124144672532
109.5	4.199124144672532
110	4.360346268656716
110.5	4.360346268656716
111.0	4.360346268656716
111.5	4.360346268656716
112.0	4.360346268656716
112.5	4.360346268656716
113.0	4.360346268656716
113.5	4.360346268656716
114	4.815500921295077
114.5	4.815500921295077
115.0	4.815500921295077
115.5	4.815500921295077
116.0	4.815500921295077
116.5	4.815500921295077
117.0	4.815500921295077
117.5	4.815500921295077
118	4.522855463008329
118.5	4.522855463008329
119.0	4.522855463008329
119.5	4.522855463008329
120.0	4.522855463008329
120.5	4.522855463008329
121.0	4.522855463008329
121.5	4.522855463008329
122	4.263721010413258
122.5	4.255976178660049
123.0	4.255976178660049
123.5	4.255976178660049
124.0	4.255976178660049
124.5	4.255976178660049
125.0	4.255976178660049
125.5	4.255976178660049
126.0	4.255976178660049
126.5	4.50388504398827
127.0	4.50388504398827
127.5	4.50388504398827
128.0	4.50388504398827
128.5	4.50388504398827
129.0	4.50388504398827
129.5	4.50388504398827
130	4.480890975482525
130.5	4.480890975482525
131.0	4.480890975482525
131.5	4.480890975482525
132.0	4.480890975482525
132.5	4.480890975482525
133.0	4.480890975482525
133.5	4.147256822779545
134	4.141426491994178
134.5	4.141426491994178
135.0	4.141426491994178
135.5	4.141426491994178
136.0	4.141426491994178
136.5	4.141426491994178
137.0	4.141426491994178
137.5	4.141426491994178
138	4.31380904522613
138.5	4.31380904522613
139.0	4.31380904522613
139.5	4.31380904522613
140.0	4.31380904522613
140.5	4.31380904522613
141.0	4.31380904522613
141.5	4.31380904522613
142	4.833013645117397
142.5	4.873715111239526
143.0	4.873715111239526
143.5	4.873715111239526
144.0	4.873715111239526
144.5	4.873715111239526
145.0	4.873715111239526
145.5	4.491405643085751
146	4.4857720739219715
146.5	4.4857720739219715
147.0	4.4857720739219715
147.5	4.4857720739219715
148.0	4.4857720739219715
148.5	4.4857720739219715
149.0	4.4857720739219715
149.5	4.315096017107903
150	4.310671406805485
150.5	4.310671406805485
151.0	4.310671406805485
151.5	4.310671406805485
152.0	4.310671406805485
152.5	4.310671406805485
153.0	4.310671406805485
153.5	4.585269857503049
154	4.589662874870735
154.5	4.589662874870735
155.0	4.589662874870735
155.5	4.589662874870735
156.0	4.589662874870735
156.5	4.589662874870735
157.0	4.589662874870735
157.5	4.60943600867679
158.0	4.60943600867679
158.5	4.60943600867679
159.0	4.60943600867679
159.5	4.60943600867679
160.0	4.60943600867679
160.5	4.60943600867679
161.0	4.60943600867679
161.5	4.861251825804707
162.0	4.861251825804707
162.5	4.861251825804707
163.0	4.861251825804707
163.5	4.861251825804707
164.0	4.861251825804707
164.5	4.861251825804707
165	4.907729071690481
165.5	4.908986232790989
166.0	4.908986232790989
166.5	4.908986232790989
167.0	4.908986232790989
167.5	4.908986232790989
168.0	4.908986232790989
168.5	5.169444077961019
169.0	5.169444077961019
169.5	5.169444077961019
170.0	5.169444077961019
170.5	5.169444077961019
171.0	5.169444077961019
171.5	5.169444077961019
172	5.902863612969634
172.5	5.902863612969634
173.0	5.902863612969634
173.5	5.902863612969634
