0	3.5130628019323673
0.5	3.5235390019871247
1	3.4776902106567538
1.5	3.4776902106567538
2	3.4759545454545453
2.5	3.4759545454545453
3	3.484114285714286
3.5	3.484114285714286
4	3.4716597164303584
4.5	3.4716597164303584
5.0	3.4716597164303584
5.5	3.4694061302681996
6.0	3.4694061302681996
6.5	3.4694061302681996
7.0	3.4694061302681996
7.5	3.32441065830721
8.0	3.32441065830721
8.5	3.32441065830721
9.0	3.32441065830721
9.5	3.32441065830721
10	3.3953648564939085
10.5	3.3953648564939085
11.0	3.3953648564939085
11.5	3.3953648564939085
12.0	3.3953648564939085
12.5	3.3953648564939085
13.0	3.3953648564939085
13.5	3.3953648564939085
14.0	3.3953648564939085
14.5	3.3953648564939085
15	3.5973482587064676
15.5	3.5973482587064676
16.0	3.5973482587064676
16.5	3.5973482587064676
17.0	3.5973482587064676
17.5	3.5973482587064676
18.0	3.5973482587064676
18.5	3.5973482587064676
19.0	3.5973482587064676
19.5	3.5973482587064676
20	3.605261455525606
20.5	3.605261455525606
21.0	3.605261455525606
21.5	3.605261455525606
22.0	3.605261455525606
22.5	3.605261455525606
23.0	3.605261455525606
23.5	3.605261455525606
24.0	3.605261455525606
24.5	3.605261455525606
25	3.426281523731921
25.5	3.426281523731921
26.0	3.426281523731921
26.5	3.426281523731921
27.0	3.426281523731921
27.5	3.426281523731921
28.0	3.426281523731921
28.5	3.426281523731921
29.0	3.426281523731921
29.5	3.426281523731921
30	3.395908549471662
30.5	3.395908549471662
31.0	3.395908549471662
31.5	3.395908549471662
32.0	3.395908549471662
32.5	3.395908549471662
33.0	3.395908549471662
33.5	3.395908549471662
34.0	3.395908549471662
34.5	3.395908549471662
35	3.316874635568513
35.5	3.316874635568513
36.0	3.316874635568513
36.5	3.316874635568513
37.0	3.316874635568513
37.5	3.316874635568513
38.0	3.316874635568513
38.5	3.316874635568513
39.0	3.316874635568513
39.5	3.316874635568513
40.0	3.316874635568513
40.5	3.534636488667994
41	3.53919964703287
41.5	3.53919964703287
42.0	3.53919964703287
42.5	3.53919964703287
43.0	3.53919964703287
43.5	3.53919964703287
44.0	3.53919964703287
44.5	3.53919964703287
45.0	3.53919964703287
45.5	3.4078495943004152
46.0	3.4078495943004152
46.5	3.4078495943004152
47.0	3.4078495943004152
47.5	3.4078495943004152
48.0	3.4078495943004152
48.5	3.4078495943004152
49.0	3.4078495943004152
49.5	3.4078495943004152
50.0	3.4078495943004152
50.5	3.5084298027197858
51.0	3.5084298027197858
51.5	3.5084298027197858
52.0	3.5084298027197858
52.5	3.5084298027197858
53.0	3.5084298027197858
53.5	3.5084298027197858
54.0	3.5084298027197858
54.5	3.5084298027197858
55.0	3.5084298027197858
55.5	3.5084298027197858
56	3.7352291997279528
56.5	3.7352291997279528
57.0	3.7352291997279528
57.5	3.7352291997279528
58.0	3.7352291997279528
58.5	3.7352291997279528
59.0	3.7352291997279528
59.5	3.7352291997279528
60.0	3.7352291997279528
60.5	3.44967145631068
61.0	3.44967145631068
61.5	3.44967145631068
62.0	3.44967145631068
62.5	3.44967145631068
63.0	3.44967145631068
63.5	3.44967145631068
64.0	3.44967145631068
64.5	3.44967145631068
65.0	3.44967145631068
65.5	3.8461317020510974
66.0	3.8461317020510974
66.5	3.8461317020510974
67.0	3.8461317020510974
67.5	3.8461317020510974
68.0	3.8461317020510974
68.5	3.4862326490713587
69.0	3.4862326490713587
69.5	3.4862326490713587
70.0	3.4862326490713587
70.5	3.402425645592164
71.0	3.402425645592164
71.5	3.402425645592164
72.0	3.402425645592164
72.5	3.402425645592164
73	3.3452302375809935
73.5	3.3452302375809935
74.0	3.3452302375809935
74.5	3.3452302375809935
75.0	3.3452302375809935
75.5	3.3557581573896353
76.0	3.3557581573896353
76.5	3.3557581573896353
77.0	3.3557581573896353
77.5	3.480527131782946
78.0	3.480527131782946
78.5	3.480527131782946
79.0	3.480527131782946
79.5	3.476009592326139
80.0	3.476009592326139
80.5	3.476009592326139
81.0	3.476009592326139
81.5	3.476009592326139
82	3.513880454712138
82.5	3.513880454712138
83.0	3.513880454712138
83.5	3.513880454712138
84.0	3.513880454712138
84.5	3.513880454712138
85.0	3.513880454712138
85.5	3.513880454712138
86.0	3.513880454712138
86.5	3.513880454712138
87.0	3.513880454712138
87.5	3.324143278550358
88.0	3.324143278550358
88.5	3.324143278550358
89.0	3.324143278550358
89.5	3.324143278550358
90.0	3.324143278550358
90.5	3.324143278550358
91.0	3.324143278550358
91.5	3.324143278550358
92	3.566606516290727
92.5	3.566606516290727
93.0	3.566606516290727
93.5	3.566606516290727
94.0	3.566606516290727
94.5	3.566606516290727
95.0	3.566606516290727
95.5	3.566606516290727
96.0	3.566606516290727
96.5	3.566606516290727
97	3.29334601483736
97.5	3.29334601483736
98.0	3.29334601483736
98.5	3.29334601483736
99.0	3.29334601483736
99.5	3.29334601483736
100.0	3.29334601483736
100.5	3.29334601483736
101.0	3.29334601483736
101.5	3.29334601483736
102.0	3.29334601483736
102.5	2.97318747801618
103.0	2.97318747801618
103.5	2.97318747801618
104.0	2.97318747801618
104.5	2.97318747801618
105.0	2.97318747801618
105.5	2.97318747801618
106.0	2.97318747801618
106.5	2.97318747801618
107.0	2.97318747801618
107.5	2.97318747801618
108	2.5220631146337884
108.5	2.5220631146337884
109.0	2.5220631146337884
109.5	2.5220631146337884
110.0	2.5220631146337884
110.5	2.5220631146337884
111.0	2.5220631146337884
111.5	2.5220631146337884
112.0	2.5220631146337884
112.5	2.5220631146337884
113.0	2.5220631146337884
113.5	2.5220631146337884
114.0	2.5220631146337884
114.5	2.5220631146337884
115	3.0598513396715643
115.5	3.0598513396715643
116.0	3.0598513396715643
116.5	3.0598513396715643
117.0	3.0598513396715643
117.5	3.505134151502328
118.0	3.505134151502328
118.5	3.505134151502328
119.0	3.505134151502328
119.5	3.505134151502328
120	3.338124440829606
120.5	3.338124440829606
121.0	3.338124440829606
121.5	3.338124440829606
122.0	3.338124440829606
122.5	3.3354840989399297
123.0	3.3354840989399297
123.5	3.3354840989399297
124.0	3.3354840989399297
124.5	3.4983179364127173
125.0	3.4983179364127173
125.5	3.4983179364127173
126.0	3.4983179364127173
126.5	3.5301814762576402
127.0	3.5301814762576402
127.5	3.5301814762576402
128.0	3.5301814762576402
128.5	3.4182939527432916
129.0	3.4182939527432916
129.5	3.4182939527432916
130.0	3.4182939527432916
130.5	3.4182939527432916
131.0	3.4182939527432916
131.5	3.4182939527432916
132.0	3.4182939527432916
132.5	3.4182939527432916
133.0	3.4182939527432916
133.5	3.534889849701462
134.0	3.534889849701462
134.5	3.534889849701462
135.0	3.534889849701462
135.5	3.534889849701462
136.0	3.534889849701462
136.5	3.534889849701462
137.0	3.534889849701462
137.5	3.534889849701462
138.0	3.534889849701462
138.5	3.7056080843585235
139.0	3.7056080843585235
139.5	3.7056080843585235
140.0	3.7056080843585235
140.5	3.7056080843585235
141.0	3.7056080843585235
141.5	3.7056080843585235
142.0	3.7056080843585235
142.5	3.7056080843585235
143	3.8802326820603907
143.5	3.8802326820603907
144.0	3.8802326820603907
144.5	3.8802326820603907
145.0	3.8802326820603907
145.5	3.8802326820603907
146.0	3.8802326820603907
146.5	3.8802326820603907
147.0	3.8802326820603907
147.5	3.708654198346325
148	3.704806634657355
148.5	3.704806634657355
149.0	3.704806634657355
149.5	3.704806634657355
150.0	3.704806634657355
150.5	3.704806634657355
151.0	3.704806634657355
151.5	3.704806634657355
152.0	3.704806634657355
152.5	3.496713807366555
153.0	3.496713807366555
153.5	3.496713807366555
154.0	3.496713807366555
154.5	3.496713807366555
155.0	3.496713807366555
155.5	3.496713807366555
156.0	3.496713807366555
156.5	3.496713807366555
157.0	3.496713807366555
157.5	3.451695431472081
158.0	3.451695431472081
158.5	3.451695431472081
159.0	3.451695431472081
159.5	3.451695431472081
160.0	3.451695431472081
160.5	3.451695431472081
161.0	3.451695431472081
161.5	3.451695431472081
162.0	3.451695431472081
162.5	3.2759839591687934
163.0	3.2759839591687934
163.5	3.2759839591687934
164.0	3.2759839591687934
164.5	3.2759839591687934
165.0	3.2759839591687934
165.5	3.2759839591687934
166.0	3.2759839591687934
166.5	3.2759839591687934
167.0	3.2759839591687934
167.5	3.2759839591687934
168	3.5239634599313976
168.5	3.5375693348365274
169.0	3.5375693348365274
169.5	3.5375693348365274
170.0	3.5375693348365274
170.5	3.5375693348365274
171.0	3.5375693348365274
171.5	3.5375693348365274
172.0	3.5375693348365274
172.5	3.5375693348365274
173	3.0968377941440632
173.5	3.0968377941440632
174.0	3.0968377941440632
174.5	3.0968377941440632
175.0	3.0968377941440632
175.5	3.0968377941440632
176.0	3.0968377941440632
176.5	3.0968377941440632
177.0	3.0968377941440632
177.5	3.0968377941440632
178.0	3.0968377941440632
178.5	3.4504404332129965
179.0	3.4504404332129965
179.5	3.4504404332129965
180.0	3.4504404332129965
180.5	3.4504404332129965
181.0	3.4504404332129965
181.5	3.4504404332129965
