0	4.488913580246914
0.5	4.509565217391304
1	4.430389905362776
1.5	4.430389905362776
2.0	4.430389905362776
2.5	4.426043495657706
3	4.425730883224659
3.5	4.425730883224659
4.0	4.425730883224659
4.5	4.415335640138408
5.0	4.415335640138408
5.5	4.415335640138408
6.0	4.415335640138408
6.5	4.415335640138408
7.0	4.415335640138408
7.5	4.415335640138408
8.0	4.415335640138408
8.5	3.9363912823112015
9.0	3.9363912823112015
9.5	3.9363912823112015
10.0	3.9363912823112015
10.5	3.9363912823112015
11.0	3.9363912823112015
11.5	3.9363912823112015
12.0	3.9363912823112015
12.5	3.8228748615725356
13.0	3.8228748615725356
13.5	3.8228748615725356
14.0	3.8228748615725356
14.5	3.8228748615725356
15.0	3.8228748615725356
15.5	3.8228748615725356
16.0	3.8228748615725356
16.5	3.8228748615725356
17	3.3141217321608747
17.5	3.303529751172016
18.0	3.303529751172016
18.5	3.303529751172016
19.0	3.303529751172016
19.5	3.303529751172016
20.0	3.303529751172016
20.5	3.303529751172016
21.0	3.303529751172016
21.5	3.303529751172016
22.0	3.303529751172016
22.5	3.303529751172016
23	4.15003892944039
23.5	4.15003892944039
24.0	4.15003892944039
24.5	4.116612612612613
25.0	4.116612612612613
25.5	4.116612612612613
26.0	4.116612612612613
26.5	3.9696684266103484
27.0	3.9696684266103484
27.5	3.9696684266103484
28.0	3.9696684266103484
28.5	3.8669251844046366
29.0	3.8669251844046366
29.5	3.8669251844046366
30.0	3.8669251844046366
30.5	3.83534582278481
31.0	3.83534582278481
31.5	3.83534582278481
32.0	3.83534582278481
32.5	3.7265761797752806
33.0	3.7265761797752806
33.5	3.7265761797752806
34.0	3.7265761797752806
34.5	3.7265761797752806
35	3.670371082132235
35.5	3.670371082132235
36.0	3.670371082132235
36.5	3.670371082132235
37.0	3.670371082132235
37.5	3.670371082132235
38.0	3.670371082132235
38.5	3.670371082132235
39	3.468670109633463
39.5	3.4626712246129094
40.0	3.4626712246129094
40.5	3.4626712246129094
41.0	3.4626712246129094
41.5	3.4626712246129094
42.0	3.4626712246129094
42.5	3.4626712246129094
43.0	3.4626712246129094
43.5	3.4626712246129094
44.0	3.4626712246129094
44.5	4.677607763023493
45.0	4.677607763023493
45.5	4.677607763023493
46.0	4.677607763023493
46.5	4.677607763023493
47.0	4.677607763023493
47.5	4.677607763023493
48.0	4.677607763023493
48.5	4.687367283072546
49.0	4.687367283072546
49.5	4.687367283072546
50.0	4.687367283072546
50.5	4.687367283072546
51.0	4.687367283072546
51.5	4.687367283072546
52	4.519411854489952
52.5	4.519411854489952
53.0	4.519411854489952
53.5	4.519411854489952
54.0	4.519411854489952
54.5	4.519411854489952
55.0	4.519411854489952
55.5	4.519411854489952
56	4.78210421286031
56.5	4.78210421286031
57.0	4.78210421286031
57.5	4.78210421286031
58.0	4.78210421286031
58.5	4.78210421286031
59.0	4.78210421286031
59.5	4.767571517052856
60	4.767217061057552
60.5	4.767217061057552
61.0	4.767217061057552
61.5	4.767217061057552
62.0	4.767217061057552
62.5	4.767217061057552
63	4.490563616370245
63.5	4.484097862477467
64.0	4.484097862477467
64.5	4.484097862477467
65.0	4.484097862477467
65.5	4.484097862477467
66.0	4.484097862477467
66.5	4.484097862477467
67	4.56350555622711
67.5	4.569824633581898
68.0	4.569824633581898
68.5	4.569824633581898
69.0	4.569824633581898
69.5	4.569824633581898
70.0	4.569824633581898
70.5	4.569824633581898
71.0	4.569824633581898
71.5	4.773088149445417
72.0	4.773088149445417
72.5	4.773088149445417
73.0	4.773088149445417
73.5	4.773088149445417
74.0	4.773088149445417
74.5	4.773088149445417
75	4.823358147229115
75.5	4.823358147229115
76.0	4.823358147229115
76.5	4.823358147229115
77.0	4.823358147229115
77.5	4.823358147229115
78.0	4.823358147229115
78.5	4.6743957812933665
79.0	4.6743957812933665
79.5	4.6743957812933665
80.0	4.6743957812933665
80.5	4.6743957812933665
81.0	4.6743957812933665
81.5	4.6743957812933665
82.0	4.6743957812933665
82.5	4.653886352598349
83.0	4.653886352598349
83.5	4.653886352598349
84.0	4.653886352598349
84.5	4.653886352598349
85.0	4.653886352598349
85.5	4.653886352598349
86.0	4.653886352598349
86.5	4.667569230769231
87.0	4.667569230769231
87.5	4.667569230769231
88.0	4.667569230769231
88.5	4.667569230769231
89.0	4.667569230769231
89.5	4.667569230769231
90	4.465719665271966
90.5	4.465719665271966
91.0	4.465719665271966
91.5	4.465719665271966
92.0	4.465719665271966
92.5	4.465719665271966
93.0	4.465719665271966
93.5	4.465719665271966
94	4.002108183079057
94.5	4.002108183079057
95.0	4.002108183079057
95.5	4.002108183079057
96.0	4.002108183079057
96.5	4.002108183079057
97.0	4.002108183079057
97.5	4.002108183079057
98.0	4.002108183079057
98.5	3.4813723228995057
99.0	3.4813723228995057
99.5	3.4813723228995057
100.0	3.4813723228995057
100.5	3.4813723228995057
101.0	3.4813723228995057
101.5	3.4813723228995057
102.0	3.4813723228995057
102.5	3.4813723228995057
103	4.039799329690528
103.5	4.066938698224852
104.0	4.066938698224852
104.5	4.066938698224852
105.0	4.066938698224852
105.5	4.066938698224852
106.0	4.066938698224852
106.5	4.066938698224852
107.0	4.066938698224852
107.5	4.520653500357805
108	4.529351937984496
108.5	4.529351937984496
109.0	4.529351937984496
109.5	4.529351937984496
110.0	4.529351937984496
110.5	4.529351937984496
111.0	4.529351937984496
111.5	4.654984223918576
112.0	4.654984223918576
112.5	4.654984223918576
113.0	4.654984223918576
113.5	4.654984223918576
114.0	4.654984223918576
114.5	4.654984223918576
115.0	4.654984223918576
115.5	4.812903023983315
116.0	4.812903023983315
116.5	4.812903023983315
117.0	4.812903023983315
117.5	4.812903023983315
118.0	4.812903023983315
118.5	4.812903023983315
119.0	4.812903023983315
119.5	5.052012960235641
120.0	5.052012960235641
120.5	5.052012960235641
121.0	5.052012960235641
121.5	5.052012960235641
122.0	5.052012960235641
122.5	5.052012960235641
123	4.743127856701668
123.5	4.743127856701668
124.0	4.743127856701668
124.5	4.743127856701668
125.0	4.743127856701668
125.5	4.743127856701668
126.0	4.743127856701668
126.5	4.669675455286763
127.0	4.669675455286763
127.5	4.669675455286763
128.0	4.669675455286763
128.5	4.669675455286763
129.0	4.669675455286763
129.5	4.669675455286763
130	4.5828080536912745
130.5	4.5828080536912745
131.0	4.5828080536912745
131.5	4.5828080536912745
132.0	4.5828080536912745
132.5	4.5828080536912745
133.0	4.5828080536912745
133.5	4.5828080536912745
134	4.490965210567617
134.5	4.490965210567617
135.0	4.490965210567617
135.5	4.490965210567617
136.0	4.490965210567617
136.5	4.490965210567617
137.0	4.490965210567617
137.5	4.490965210567617
138	4.842930806775768
138.5	4.842930806775768
139.0	4.842930806775768
139.5	4.842930806775768
140.0	4.842930806775768
140.5	4.842930806775768
141.0	4.842930806775768
141.5	4.701793919827818
142.0	4.701793919827818
142.5	4.701793919827818
143.0	4.701793919827818
143.5	4.701793919827818
144.0	4.701793919827818
144.5	4.701793919827818
145.0	4.701793919827818
145.5	4.620420250408274
146.0	4.620420250408274
146.5	4.620420250408274
147.0	4.620420250408274
147.5	4.620420250408274
148.0	4.620420250408274
148.5	4.620420250408274
149	4.687990725552543
149.5	4.690308058124175
150.0	4.690308058124175
150.5	4.690308058124175
151.0	4.690308058124175
151.5	4.690308058124175
152.0	4.690308058124175
152.5	4.690308058124175
153	4.694725214029274
153.5	4.694725214029274
154.0	4.694725214029274
154.5	4.694725214029274
155.0	4.694725214029274
155.5	4.694725214029274
156.0	4.694725214029274
156.5	4.694725214029274
157	4.580032619775739
157.5	4.580032619775739
158.0	4.580032619775739
158.5	4.580032619775739
159.0	4.580032619775739
159.5	4.580032619775739
160.0	4.580032619775739
160.5	4.580032619775739
161	4.7920342089187535
161.5	4.7920342089187535
162.0	4.7920342089187535
162.5	4.7920342089187535
163.0	4.7920342089187535
163.5	4.7920342089187535
164	4.630699973139941
164.5	4.630699973139941
165.0	4.630699973139941
165.5	4.630699973139941
166.0	4.630699973139941
166.5	4.630699973139941
167.0	4.630699973139941
167.5	4.630699973139941
168	4.558531001589825
168.5	4.558531001589825
169.0	4.558531001589825
169.5	4.558531001589825
170.0	4.558531001589825
