0	1.6341662921348317
0.5	1.6341662921348317
1	1.644998253823936
1.5	1.6463492063492062
2	1.6453764705882354
2.5	1.6453764705882354
3	1.6469615894039735
3.5	1.607659677419355
4.0	1.607659677419355
4.5	1.607659677419355
5.0	1.607659677419355
5.5	1.607659677419355
6.0	1.607659677419355
6.5	1.607659677419355
7.0	1.607659677419355
7.5	1.607659677419355
8.0	1.607659677419355
8.5	1.60695554932415
9	1.606936810431294
9.5	1.606936810431294
10.0	1.606936810431294
10.5	1.606936810431294
11.0	1.606936810431294
11.5	1.606936810431294
12.0	1.606936810431294
12.5	1.606936810431294
13	1.4924021425628349
13.5	1.4924021425628349
14.0	1.4924021425628349
14.5	1.4924021425628349
15.0	1.4924021425628349
15.5	1.4924021425628349
16.0	1.4924021425628349
16.5	1.4924021425628349
17.0	1.4924021425628349
17.5	0.9069230512067384
18	0.9005303046385734
18.5	0.9005303046385734
19.0	0.9005303046385734
19.5	0.9005303046385734
20.0	0.9005303046385734
20.5	0.9005303046385734
21.0	0.9005303046385734
21.5	0.9005303046385734
22.0	0.9005303046385734
22.5	0.9005303046385734
23.0	0.9005303046385734
23.5	0.9005303046385734
24.0	0.9005303046385734
24.5	0.9005303046385734
25.0	0.9005303046385734
25.5	0.9005303046385734
26.0	0.9005303046385734
26.5	0.9005303046385734
27	1.3585580982273127
27.5	1.3623502824858755
28	1.4413484214436922
28.5	1.4508996088657107
29	1.5354803788903924
29.5	1.5354803788903924
30	1.527119804400978
30.5	1.527119804400978
31	1.2627701643489253
31.5	1.2627701643489253
32.0	1.2627701643489253
32.5	1.2627701643489253
33.0	1.2627701643489253
33.5	1.2627701643489253
34.0	1.2627701643489253
34.5	1.2627701643489253
35	1.158372729812797
35.5	1.158372729812797
36.0	1.158372729812797
36.5	1.158372729812797
37.0	1.158372729812797
37.5	1.158372729812797
38.0	1.158372729812797
38.5	1.158372729812797
39.0	1.158372729812797
39.5	1.158372729812797
40.0	1.158372729812797
40.5	1.158372729812797
41.0	1.158372729812797
41.5	1.158372729812797
42.0	1.158372729812797
42.5	0.9959163636363636
43.0	0.9959163636363636
43.5	0.9959163636363636
44.0	0.9959163636363636
44.5	0.9959163636363636
45.0	0.9959163636363636
45.5	0.9959163636363636
46.0	0.9959163636363636
46.5	0.9959163636363636
47.0	0.9959163636363636
47.5	0.9959163636363636
48.0	0.9959163636363636
48.5	0.9959163636363636
49	1.0254595945570675
49.5	1.0254595945570675
50.0	1.0254595945570675
50.5	1.0254595945570675
51.0	1.0254595945570675
51.5	1.0254595945570675
52.0	1.0254595945570675
52.5	1.0254595945570675
53.0	1.0254595945570675
53.5	1.0254595945570675
54.0	1.0254595945570675
54.5	1.0254595945570675
55.0	1.0254595945570675
55.5	1.0254595945570675
56.0	1.0254595945570675
56.5	1.1113959341723136
57.0	1.1113959341723136
57.5	1.1003908675799088
58.0	1.1003908675799088
58.5	1.102380147311902
59	1.10256
59.5	1.10256
60	1.09384171539961
60.5	1.09384171539961
61.0	1.09384171539961
61.5	1.09384171539961
62.0	1.09384171539961
62.5	1.0925579118027533
63	1.0925003533568904
63.5	1.0925003533568904
64.0	1.0925003533568904
64.5	1.0925003533568904
65.0	1.0925003533568904
65.5	1.08750231634679
66.0	1.08750231634679
66.5	1.08750231634679
67.0	1.08750231634679
67.5	1.08750231634679
68.0	1.08750231634679
68.5	1.08750231634679
69.0	1.08750231634679
69.5	1.08750231634679
70	0.7864027886482458
70.5	0.7820852353059988
71.0	0.7820852353059988
71.5	0.7820852353059988
72.0	0.7820852353059988
72.5	0.7820852353059988
73.0	0.7820852353059988
73.5	0.7820852353059988
74.0	0.7820852353059988
74.5	0.7820852353059988
75.0	0.7820852353059988
75.5	0.7820852353059988
76.0	0.7820852353059988
76.5	0.7820852353059988
77.0	0.7820852353059988
77.5	0.7820852353059988
78.0	0.7820852353059988
78.5	0.7820852353059988
79.0	0.7820852353059988
79.5	0.7820852353059988
80	1.1489803076004466
80.5	1.1523150436645246
81.0	1.1523150436645246
81.5	1.1523150436645246
82.0	1.1523150436645246
82.5	1.1523150436645246
83.0	1.1523150436645246
83.5	1.1523150436645246
84.0	1.1523150436645246
84.5	1.1523150436645246
85.0	1.1523150436645246
85.5	1.1523150436645246
86.0	1.1523150436645246
86.5	1.5284697872340425
87.0	1.5284697872340425
87.5	1.5284697872340425
88.0	1.5284697872340425
88.5	1.5284697872340425
89.0	1.5284697872340425
89.5	1.5284697872340425
90.0	1.5284697872340425
90.5	1.5284697872340425
91	1.5013719102477863
91.5	1.5008241872023194
92.0	1.5008241872023194
92.5	1.5008241872023194
93.0	1.5008241872023194
93.5	1.5008241872023194
94.0	1.5008241872023194
94.5	1.5008241872023194
95.0	1.5008241872023194
95.5	1.5008241872023194
96	1.7613071574642127
96.5	1.7613071574642127
97.0	1.7613071574642127
97.5	1.7613071574642127
98.0	1.7613071574642127
98.5	1.7613071574642127
99.0	1.7613071574642127
99.5	1.7613071574642127
100.0	1.7613071574642127
100.5	1.7613071574642127
101	1.7359026086734521
101.5	1.7343700234192039
102.0	1.7343700234192039
102.5	1.7742981793903256
103	1.7783502170767003
103.5	1.8143057757644394
104.0	1.8143057757644394
104.5	1.8143057757644394
105.0	1.8143057757644394
105.5	1.5737199341021417
106.0	1.5737199341021417
106.5	1.5737199341021417
107	1.0729490340968686
107.5	1.043524275008146
108.0	1.043524275008146
108.5	1.043524275008146
109.0	1.043524275008146
109.5	1.043524275008146
110.0	1.043524275008146
110.5	1.5751937708565071
111.0	1.5751937708565071
111.5	1.5751937708565071
112.0	1.5751937708565071
112.5	1.5751937708565071
113.0	1.5751937708565071
113.5	1.5751937708565071
114.0	1.5751937708565071
114.5	1.5751937708565071
115	1.0810013051422604
115.5	1.0810013051422604
116.0	1.0810013051422604
116.5	1.0810013051422604
117.0	1.0810013051422604
117.5	1.0810013051422604
118.0	1.0810013051422604
118.5	1.0810013051422604
119.0	1.0810013051422604
119.5	1.0810013051422604
120.0	1.0810013051422604
120.5	1.0810013051422604
121.0	1.0810013051422604
121.5	1.0810013051422604
122.0	1.0810013051422604
122.5	1.1925680735727273
123	1.1948250363901018
123.5	1.1948250363901018
124.0	1.1948250363901018
124.5	1.1948250363901018
125.0	1.1948250363901018
125.5	1.1948250363901018
126.0	1.1948250363901018
126.5	1.1948250363901018
127.0	1.1948250363901018
127.5	1.1948250363901018
128.0	1.1948250363901018
128.5	1.1948250363901018
129.0	1.1948250363901018
129.5	1.1948250363901018
130	1.287559420289855
130.5	1.287559420289855
131.0	1.287559420289855
131.5	1.287559420289855
132.0	1.287559420289855
132.5	1.287559420289855
133.0	1.287559420289855
133.5	1.287559420289855
134.0	1.287559420289855
134.5	1.287559420289855
135.0	1.287559420289855
135.5	1.3192400863699734
136	1.3199855138071526
136.5	1.3199855138071526
137.0	1.3199855138071526
137.5	1.3199855138071526
138.0	1.3199855138071526
138.5	1.3199855138071526
139.0	1.3199855138071526
139.5	1.3199855138071526
140.0	1.3199855138071526
140.5	1.44398
141.0	1.44398
141.5	1.44398
142.0	1.44398
142.5	1.44398
143.0	1.44398
143.5	1.44398
144.0	1.44398
144.5	1.44398
145.0	1.44398
145.5	1.2475746084089034
146.0	1.2475746084089034
146.5	1.2475746084089034
147.0	1.2475746084089034
147.5	1.2475746084089034
148	1.2591059811122771
148.5	1.2591059811122771
149	1.3353275362318842
149.5	1.3353275362318842
150.0	1.3353275362318842
150.5	1.3353275362318842
151.0	1.3353275362318842
151.5	1.5839546858908342
152.0	1.5839546858908342
152.5	1.5839546858908342
153.0	1.5839546858908342
153.5	1.3819610027855154
154.0	1.3819610027855154
154.5	1.3819610027855154
155.0	1.3819610027855154
155.5	1.2687704221833624
156.0	1.2687704221833624
156.5	1.2687704221833624
157.0	1.2687704221833624
157.5	1.2687704221833624
158.0	1.2687704221833624
158.5	1.2687704221833624
159.0	1.2687704221833624
159.5	1.510821583300512
160.0	1.510821583300512
160.5	1.510821583300512
161.0	1.510821583300512
161.5	1.510821583300512
162.0	1.510821583300512
162.5	1.510821583300512
163.0	1.510821583300512
163.5	1.510821583300512
164.0	1.510821583300512
164.5	1.510821583300512
165	1.2127990120407532
165.5	1.2127990120407532
166.0	1.2127990120407532
166.5	1.2127990120407532
167.0	1.2127990120407532
167.5	1.2127990120407532
168.0	1.2127990120407532
168.5	1.2127990120407532
169.0	1.2127990120407532
169.5	1.2127990120407532
170.0	1.2127990120407532
170.5	1.2127990120407532
171.0	1.2127990120407532
171.5	1.545903698534543
172.0	1.545903698534543
172.5	1.545903698534543
173.0	1.545903698534543
173.5	1.545903698534543
174.0	1.545903698534543
174.5	1.545903698534543
175.0	1.545903698534543
175.5	1.545903698534543
176	1.481934777850733
176.5	1.481934777850733
177.0	1.481934777850733
177.5	1.481934777850733
178.0	1.481934777850733
178.5	1.481934777850733
179.0	1.481934777850733
179.5	1.481934777850733
180.0	1.481934777850733
180.5	0.9257584541062802
181.0	0.9257584541062802
181.5	0.9257584541062802
182.0	0.9257584541062802
182.5	0.9257584541062802
183.0	0.9257584541062802
183.5	0.9257584541062802
184.0	0.9257584541062802
184.5	0.9257584541062802
185.0	0.9257584541062802
185.5	0.9257584541062802
