0	0.9407554980595084
0.5	0.9407554980595084
1.0	0.9407554980595084
1.5	0.9407554980595084
2	0.9472146118721461
2.5	0.9472146118721461
3.0	0.9472146118721461
3.5	0.9465786802030457
4.0	0.9465786802030457
4.5	0.9477560975609756
5.0	0.9477560975609756
5.5	0.9477560975609756
6	0.9393218390804597
6.5	0.9393218390804597
7.0	0.9393218390804597
7.5	0.948649765258216
8.0	0.948649765258216
8.5	0.9452253943238528
9	0.9448073959938367
9.5	0.9448073959938367
10	0.9254822733718774
10.5	0.9254822733718774
11.0	0.9254822733718774
11.5	0.9254822733718774
12.0	0.9254822733718774
12.5	0.9254822733718774
13.0	0.9254822733718774
13.5	0.9254822733718774
14.0	0.9254822733718774
14.5	0.9254822733718774
15.0	0.9254822733718774
15.5	0.9254822733718774
16.0	0.9254822733718774
16.5	0.9254822733718774
17.0	0.9254822733718774
17.5	0.9254822733718774
18.0	0.9254822733718774
18.5	0.9254822733718774
19.0	0.9254822733718774
19.5	0.6418310442144873
20.0	0.6418310442144873
20.5	0.6418310442144873
21.0	0.6418310442144873
21.5	0.6418310442144873
22.0	0.6418310442144873
22.5	0.6418310442144873
23.0	0.6418310442144873
23.5	0.6418310442144873
24.0	0.6418310442144873
24.5	0.6418310442144873
25.0	0.6418310442144873
25.5	0.6418310442144873
26.0	0.6418310442144873
26.5	0.6418310442144873
27.0	0.6418310442144873
27.5	0.6418310442144873
28.0	0.6418310442144873
28.5	0.6418310442144873
29.0	0.6418310442144873
29.5	0.6418310442144873
30	0.862127233085464
30.5	0.866023346303502
31.0	0.866023346303502
31.5	0.8629049429657795
32.0	0.8629049429657795
32.5	0.8629049429657795
33	0.9010437169653168
33.5	0.9084974545454545
34.0	0.9084974545454545
34.5	0.8411600682474747
35	0.8339610894941634
35.5	0.8339610894941634
36.0	0.8339610894941634
36.5	0.8022353597322923
37.0	0.8022353597322923
37.5	0.8022353597322923
38.0	0.8022353597322923
38.5	0.8018055307760927
39.0	0.8018055307760927
39.5	0.8018055307760927
40.0	0.8018055307760927
40.5	0.8018055307760927
41.0	0.8018055307760927
41.5	0.8018055307760927
42	0.7105777346592287
42.5	0.7105777346592287
43.0	0.7105777346592287
43.5	0.7105777346592287
44.0	0.7105777346592287
44.5	0.7105777346592287
45.0	0.7105777346592287
45.5	0.7105777346592287
46	0.6921679047704287
46.5	0.6921679047704287
47.0	0.6921679047704287
47.5	0.6921679047704287
48.0	0.6921679047704287
48.5	0.6921679047704287
49.0	0.6921679047704287
49.5	0.6921679047704287
50.0	0.6921679047704287
50.5	0.6921679047704287
51.0	0.6921679047704287
51.5	0.6921679047704287
52.0	0.6921679047704287
52.5	0.6921679047704287
53.0	0.6921679047704287
53.5	0.6921679047704287
54.0	0.6921679047704287
54.5	0.6921679047704287
55.0	0.6921679047704287
55.5	0.6921679047704287
56.0	0.6921679047704287
56.5	0.6921679047704287
57.0	0.6921679047704287
57.5	0.9086938159879336
58.0	0.9086938159879336
58.5	0.9069242317502859
59	0.9068348183687457
59.5	0.9068348183687457
60.0	0.9068348183687457
60.5	0.5699113133338475
61.0	0.5699113133338475
61.5	0.5699113133338475
62.0	0.5699113133338475
62.5	0.5699113133338475
63.0	0.5699113133338475
63.5	0.5699113133338475
64.0	0.5699113133338475
64.5	0.5699113133338475
65.0	0.5699113133338475
65.5	0.5699113133338475
66.0	0.5699113133338475
66.5	0.5699113133338475
67.0	0.5699113133338475
67.5	0.5699113133338475
68.0	0.5699113133338475
68.5	0.5699113133338475
69.0	0.5699113133338475
69.5	0.5699113133338475
70.0	0.5699113133338475
70.5	0.5699113133338475
71.0	0.5699113133338475
71.5	0.5699113133338475
72.0	0.5699113133338475
72.5	0.5699113133338475
73.0	0.5699113133338475
73.5	0.795313997477932
74.0	0.795313997477932
74.5	0.795313997477932
75.0	0.795313997477932
75.5	0.769345521023766
76.0	0.769345521023766
76.5	0.769345521023766
77	0.733864577504197
77.5	0.733864577504197
78.0	0.733864577504197
78.5	0.733864577504197
79	0.6629067245119307
79.5	0.6629067245119307
80.0	0.6629067245119307
80.5	0.6629067245119307
81.0	0.6629067245119307
81.5	0.6629067245119307
82.0	0.6629067245119307
82.5	0.6629067245119307
83.0	0.6629067245119307
83.5	0.4477797822706065
84.0	0.4477797822706065
84.5	0.4477797822706065
85.0	0.4477797822706065
85.5	0.4477797822706065
86.0	0.4477797822706065
86.5	0.4477797822706065
87.0	0.4477797822706065
87.5	0.4477797822706065
88.0	0.4477797822706065
88.5	0.4477797822706065
89.0	0.4477797822706065
89.5	0.4477797822706065
90	0.6185354093420392
90.5	0.6185354093420392
91.0	0.6185354093420392
91.5	0.6185354093420392
92	0.8798113663845223
92.5	0.8798113663845223
93.0	0.8798113663845223
93.5	0.8798113663845223
94	0.8568175858079445
94.5	0.8568175858079445
95.0	0.8568175858079445
95.5	0.8568175858079445
96.0	0.8568175858079445
96.5	0.7362732174955063
97.0	0.7362732174955063
97.5	0.7362732174955063
98.0	0.7362732174955063
98.5	0.7373110698824985
99.0	0.7373110698824985
99.5	0.7373110698824985
100.0	0.7373110698824985
100.5	0.8159075198505371
101.0	0.8159075198505371
101.5	0.8159075198505371
102.0	0.8159075198505371
102.5	0.8159075198505371
103.0	0.8159075198505371
103.5	0.8159075198505371
104.0	0.8159075198505371
104.5	0.8159075198505371
105.0	0.8159075198505371
105.5	0.8159075198505371
106.0	0.8159075198505371
106.5	0.8159075198505371
107.0	0.8159075198505371
107.5	0.8159075198505371
108.0	0.8159075198505371
108.5	0.8159075198505371
109	0.5877626048803017
109.5	0.5877626048803017
110.0	0.5877626048803017
110.5	0.5877626048803017
111.0	0.5877626048803017
111.5	0.5877626048803017
112.0	0.5877626048803017
112.5	0.5877626048803017
113.0	0.5877626048803017
113.5	0.5877626048803017
114.0	0.5877626048803017
114.5	0.5877626048803017
115.0	0.5877626048803017
115.5	0.5877626048803017
116.0	0.5877626048803017
116.5	0.5877626048803017
117.0	0.5877626048803017
117.5	0.5877626048803017
118.0	0.5877626048803017
118.5	0.5877626048803017
119.0	0.5877626048803017
119.5	0.5877626048803017
120.0	0.5877626048803017
120.5	0.5877626048803017
121.0	0.5877626048803017
121.5	0.5877626048803017
122	0.4531214363390369
122.5	0.4512144257154057
123.0	0.4512144257154057
123.5	0.4512144257154057
124.0	0.4512144257154057
124.5	0.4512144257154057
125	0.45150276243093923
125.5	0.45150276243093923
126.0	0.45150276243093923
126.5	0.45150276243093923
127.0	0.45150276243093923
127.5	0.45150276243093923
128	0.6669567642956764
128.5	0.6669567642956764
129.0	0.6669567642956764
129.5	0.6669567642956764
130	0.698325771655931
130.5	0.6998424507658644
131.0	0.6998424507658644
131.5	0.6998424507658644
132	0.7034531074888205
132.5	0.7037967914438502
133.0	0.7037967914438502
133.5	0.7037967914438502
134	0.5454497454271167
134.5	0.5454497454271167
135.0	0.5454497454271167
135.5	0.5454497454271167
136.0	0.5454497454271167
136.5	0.5454497454271167
137.0	0.5454497454271167
137.5	0.5454497454271167
138.0	0.5454497454271167
138.5	0.5454497454271167
139	0.6124013254504161
139.5	0.6140426049908704
140.0	0.6140426049908704
140.5	0.6140426049908704
141.0	0.6140426049908704
141.5	0.6140426049908704
142.0	0.6140426049908704
142.5	0.6140426049908704
143.0	0.6140426049908704
143.5	0.6140426049908704
144.0	0.6140426049908704
144.5	0.7268465116279069
145.0	0.7268465116279069
145.5	0.7268465116279069
146.0	0.7268465116279069
146.5	0.7268465116279069
147.0	0.7268465116279069
147.5	0.7268465116279069
148.0	0.7268465116279069
148.5	0.6198107857879107
149	0.6149319480519481
149.5	0.6149319480519481
150.0	0.6149319480519481
150.5	0.6149319480519481
151	0.6110693723454459
151.5	0.6110693723454459
152.0	0.6110693723454459
152.5	0.6110693723454459
153	0.6167811327604541
153.5	0.6172582359192348
154.0	0.6172582359192348
154.5	0.6172582359192348
155	0.5086296432727114
155.5	0.5018187113214416
156.0	0.5018187113214416
156.5	0.5018187113214416
157.0	0.5018187113214416
157.5	0.5018187113214416
158	0.4383100121442489
158.5	0.43391734638390433
159.0	0.43391734638390433
159.5	0.43391734638390433
160.0	0.43391734638390433
160.5	0.43391734638390433
161.0	0.43391734638390433
161.5	0.43391734638390433
162.0	0.43391734638390433
162.5	0.43391734638390433
163.0	0.43391734638390433
163.5	0.43391734638390433
164.0	0.43391734638390433
164.5	0.43391734638390433
165.0	0.43391734638390433
165.5	0.3127615239306404
166	0.3078698328935796
166.5	0.3078698328935796
167.0	0.3078698328935796
167.5	0.3078698328935796
168.0	0.3078698328935796
168.5	0.3078698328935796
169.0	0.3078698328935796
169.5	0.3078698328935796
170.0	0.3078698328935796
170.5	0.3078698328935796
171.0	0.3078698328935796
171.5	0.3078698328935796
172.0	0.3078698328935796
172.5	0.3078698328935796
173.0	0.3078698328935796
173.5	0.3078698328935796
174.0	0.3078698328935796
174.5	0.3078698328935796
175.0	0.3078698328935796
175.5	0.3078698328935796
176	0.3094808274812994
176.5	0.30952616769836805
177.0	0.30952616769836805
177.5	0.30952616769836805
178.0	0.30952616769836805
178.5	0.30952616769836805
179.0	0.30952616769836805
179.5	0.30952616769836805
180	0.3304387861876526
180.5	0.3304387861876526
181.0	0.3304387861876526
181.5	0.3304387861876526
182.0	0.3304387861876526
182.5	0.3304387861876526
183	0.38791351633199966
183.5	0.3944488361879666
184.0	0.3944488361879666
184.5	0.3944488361879666
185.0	0.3944488361879666
