0	0.7575041666666668
0.5	0.7575041666666668
1.0	0.7575041666666668
1.5	0.7575041666666668
2	0.7632904921029126
2.5	0.7635828220858896
3.0	0.7635828220858896
3.5	0.7635828220858896
4	0.7626830265848671
4.5	0.7626830265848671
5.0	0.7626830265848671
5.5	0.7628564417177914
6.0	0.7628564417177914
6.5	0.7628564417177914
7.0	0.7628564417177914
7.5	0.7571140706427331
8.0	0.7571140706427331
8.5	0.7571140706427331
9	0.7630444967814426
9.5	0.7636523053665911
10.0	0.7636523053665911
10.5	0.8412047703899088
11	0.851638888888889
11.5	0.851638888888889
12.0	0.851638888888889
12.5	1.1948384879725085
13.0	1.1948384879725085
13.5	1.1560132194952613
14	1.1513101586230172
14.5	1.1513101586230172
15.0	1.1513101586230172
15.5	1.1513101586230172
16.0	1.1513101586230172
16.5	1.1513101586230172
17.0	1.1513101586230172
17.5	1.1513101586230172
18.0	1.1513101586230172
18.5	1.1513101586230172
19.0	1.1513101586230172
19.5	0.9177234812581674
20	0.9146883523082697
20.5	0.9146883523082697
21.0	0.9146883523082697
21.5	0.9146883523082697
22.0	0.9146883523082697
22.5	0.9146883523082697
23.0	0.9146883523082697
23.5	0.9146883523082697
24.0	0.9146883523082697
24.5	0.9146883523082697
25.0	0.9146883523082697
25.5	0.9146883523082697
26.0	0.9146883523082697
26.5	0.9146883523082697
27.0	0.9146883523082697
27.5	0.9146883523082697
28	1.0024736
28.5	1.0024736
29.0	1.0024736
29.5	1.0024736
30.0	1.0024736
30.5	1.0024736
31.0	1.0024736
31.5	1.0024736
32.0	1.0024736
32.5	1.0024736
33.0	1.0024736
33.5	1.0024736
34.0	1.0024736
34.5	1.0024736
35.0	1.0024736
35.5	1.03052850322943
36.0	1.03052850322943
36.5	1.03052850322943
37.0	1.03052850322943
37.5	1.03052850322943
38.0	1.03052850322943
38.5	1.03052850322943
39.0	1.03052850322943
39.5	1.03052850322943
40.0	1.03052850322943
40.5	1.03052850322943
41.0	1.03052850322943
41.5	1.03052850322943
42.0	1.03052850322943
42.5	1.0549368334700575
43.0	1.0549368334700575
43.5	1.0549368334700575
44	1.0065836249125262
44.5	1.0065836249125262
45.0	1.0065836249125262
45.5	0.8196108266276518
46.0	0.8196108266276518
46.5	0.8196108266276518
47	0.7379627204030227
47.5	0.7379627204030227
48.0	0.7379627204030227
48.5	0.7379627204030227
49.0	0.7379627204030227
49.5	0.7379627204030227
50.0	0.7379627204030227
50.5	0.7379627204030227
51	0.7403559887150551
51.5	0.7403559887150551
52.0	0.7403559887150551
52.5	0.7403559887150551
53.0	0.7403559887150551
53.5	0.7403559887150551
54.0	0.7403559887150551
54.5	0.7403559887150551
55	0.751670617592015
55.5	0.751670617592015
56.0	0.751670617592015
56.5	1.0202463454589195
57	1.0336500000000002
57.5	1.0336500000000002
58	1.1059140717382736
58.5	1.1059140717382736
59.0	1.1059140717382736
59.5	1.1059140717382736
60.0	1.1059140717382736
60.5	0.9908300535522147
61	0.9879268698060941
61.5	0.9879268698060941
62.0	0.9879268698060941
62.5	0.9879268698060941
63.0	0.9879268698060941
63.5	0.9879268698060941
64.0	0.9879268698060941
64.5	0.9879268698060941
65.0	0.9879268698060941
65.5	0.9879268698060941
66.0	0.9879268698060941
66.5	0.9879268698060941
67.0	0.9879268698060941
67.5	0.9879268698060941
68	0.8422625371982806
68.5	0.8422625371982806
69.0	0.8422625371982806
69.5	0.8422625371982806
70.0	0.8422625371982806
70.5	0.8422625371982806
71.0	0.8422625371982806
71.5	0.8422625371982806
72.0	0.8422625371982806
72.5	0.8422625371982806
73.0	0.8422625371982806
73.5	0.8422625371982806
74.0	0.8422625371982806
74.5	0.8422625371982806
75.0	0.8422625371982806
75.5	0.8422625371982806
76.0	0.8422625371982806
76.5	0.8422625371982806
77	0.8697688980149343
77.5	0.8701357303370786
78.0	0.8701357303370786
78.5	0.8701357303370786
79.0	0.8701357303370786
79.5	0.8701357303370786
80.0	0.8701357303370786
80.5	0.8701357303370786
81.0	0.8701357303370786
81.5	0.8701357303370786
82.0	0.8701357303370786
82.5	0.8701357303370786
83.0	0.8701357303370786
83.5	0.8701357303370786
84.0	0.8701357303370786
84.5	0.8701357303370786
85.0	0.8701357303370786
85.5	0.8701357303370786
86	0.8538511894240726
86.5	0.8536682170542635
87.0	0.8536682170542635
87.5	0.8416
88.0	0.8416
88.5	0.8416
89	0.8504861878453039
89.5	0.8504861878453039
90.0	0.8504861878453039
90.5	0.8442841487653413
91	0.8435988405797101
91.5	0.8435988405797101
92.0	0.8435988405797101
92.5	0.8418825312618415
93.0	0.8418825312618415
93.5	0.8418825312618415
94.0	0.8418825312618415
94.5	0.8418825312618415
95.0	0.8418825312618415
95.5	0.8816867602532343
96.0	0.8816867602532343
96.5	0.8816867602532343
97.0	0.8816867602532343
97.5	0.8816867602532343
98.0	0.8816867602532343
98.5	0.8816867602532343
99	0.8565380732938337
99.5	0.8565380732938337
100.0	0.8565380732938337
100.5	0.8565380732938337
101.0	0.8565380732938337
101.5	0.8565380732938337
102.0	0.8565380732938337
102.5	0.8565380732938337
103.0	0.8565380732938337
103.5	0.8565380732938337
104.0	0.8565380732938337
104.5	0.8565380732938337
105.0	0.8565380732938337
105.5	0.8565380732938337
106.0	0.8565380732938337
106.5	0.8565380732938337
107.0	0.8565380732938337
107.5	0.8565380732938337
108.0	0.8565380732938337
108.5	0.8262305782192267
109.0	0.8262305782192267
109.5	0.8262305782192267
110.0	0.8262305782192267
110.5	0.8262305782192267
111.0	0.8262305782192267
111.5	0.8262305782192267
112.0	0.8262305782192267
112.5	0.8262305782192267
113.0	0.8262305782192267
113.5	0.8262305782192267
114.0	0.8262305782192267
114.5	0.8262305782192267
115.0	0.8262305782192267
115.5	0.8262305782192267
116.0	0.8262305782192267
116.5	0.8262305782192267
117	0.8218551859099804
117.5	0.8218551859099804
118.0	0.8218551859099804
118.5	0.8166451737031735
119	0.8163460992907801
119.5	0.8163460992907801
120	0.8205459512950667
120.5	0.820811048336472
121.0	0.820811048336472
121.5	0.820811048336472
122	0.8202538593481989
122.5	0.8202538593481989
123.0	0.8202538593481989
123.5	0.8202538593481989
124	0.9606340019730352
124.5	0.9606340019730352
125.0	0.9606340019730352
125.5	0.9606340019730352
126.0	0.9606340019730352
126.5	0.9606340019730352
127	1.0419926977687626
127.5	1.0419926977687626
128.0	1.0419926977687626
128.5	1.0419926977687626
129.0	1.0419926977687626
129.5	1.0394921894392568
130	1.0393532159540064
130.5	1.0393532159540064
131.0	1.0393532159540064
131.5	1.0393532159540064
132.0	1.0393532159540064
132.5	0.8971146488954709
133.0	0.8971146488954709
133.5	0.8971146488954709
134.0	0.8971146488954709
134.5	0.8971146488954709
135.0	0.8971146488954709
135.5	0.8971146488954709
136.0	0.8971146488954709
136.5	0.8971146488954709
137.0	0.8971146488954709
137.5	0.8971146488954709
138.0	0.8971146488954709
138.5	0.8971146488954709
139.0	0.8971146488954709
139.5	0.8971146488954709
140.0	0.8971146488954709
140.5	0.8971146488954709
141	0.9074373476352998
141.5	0.9074373476352998
142.0	0.9074373476352998
142.5	0.9074373476352998
143.0	0.9074373476352998
143.5	0.9074373476352998
144.0	0.9074373476352998
144.5	0.9074373476352998
145.0	0.9074373476352998
145.5	0.9074373476352998
146.0	0.9074373476352998
146.5	0.9074373476352998
147.0	0.9074373476352998
147.5	0.9074373476352998
148.0	0.9074373476352998
148.5	0.9074373476352998
149	0.96986301369863
149.5	0.96986301369863
150.0	0.96986301369863
150.5	0.96986301369863
151.0	0.96986301369863
151.5	0.96986301369863
152.0	0.96986301369863
152.5	0.96986301369863
153.0	0.96986301369863
153.5	0.96986301369863
154.0	0.96986301369863
154.5	0.96986301369863
155.0	0.96986301369863
155.5	0.96986301369863
156.0	0.96986301369863
156.5	1.0367141713370698
157.0	1.0367141713370698
157.5	1.0497215662950528
158	1.0512941176470587
158.5	1.0512941176470587
159	1.0325812734082396
159.5	1.0325812734082396
160.0	1.0325812734082396
160.5	0.8467625125965738
161.0	0.8467625125965738
161.5	0.8467625125965738
162.0	0.8467625125965738
162.5	0.8467625125965738
163.0	0.8467625125965738
163.5	0.8467625125965738
164.0	0.8467625125965738
164.5	0.8467625125965738
165.0	0.8467625125965738
165.5	0.8467625125965738
166.0	0.8467625125965738
166.5	0.8290610526315789
167.0	0.8290610526315789
167.5	0.8290610526315789
168.0	0.8290610526315789
168.5	0.8290610526315789
169.0	0.8290610526315789
169.5	0.8290610526315789
170.0	0.8290610526315789
170.5	0.8059720024345709
171.0	0.8059720024345709
171.5	0.8059720024345709
172.0	0.8059720024345709
172.5	0.8059720024345709
173.0	0.8059720024345709
173.5	0.8012117711414096
174	0.8010379343321644
174.5	0.8010379343321644
175.0	0.8010379343321644
175.5	0.8010379343321644
176.0	0.8010379343321644
176.5	0.8010379343321644
177	0.7985997666277712
177.5	0.7985997666277712
178.0	0.7985997666277712
178.5	0.7985997666277712
179.0	0.7985997666277712
179.5	0.7985997666277712
180.0	0.7985997666277712
180.5	0.7985997666277712
181.0	0.7985997666277712
181.5	0.7985997666277712
182.0	0.7985997666277712
182.5	0.7985997666277712
