0	2.2548961240310077
0.5	2.2548961240310077
1	2.2753930530164537
1.5	2.2694847870182557
2	2.2343608473338206
2.5	2.2343608473338206
3.0	2.2343608473338206
3.5	2.25826597582038
4	2.231824999571172
4.5	2.2259340048627996
5.0	2.2259340048627996
5.5	2.2259340048627996
6.0	2.2259340048627996
6.5	2.2259340048627996
7.0	2.2259340048627996
7.5	2.2317067159581025
8.0	2.2317067159581025
8.5	2.2317067159581025
9.0	2.2317067159581025
9.5	2.2317067159581025
10.0	2.2317067159581025
10.5	2.449161662817552
11.0	2.449161662817552
11.5	2.449161662817552
12.0	2.449161662817552
12.5	2.449161662817552
13.0	2.449161662817552
13.5	2.449161662817552
14	5.619986820428336
14.5	5.619986820428336
15.0	5.619986820428336
15.5	5.305590711175617
16.0	5.305590711175617
16.5	5.305590711175617
17	4.4368910436335804
17.5	4.4368910436335804
18.0	4.4368910436335804
18.5	4.4368910436335804
19.0	4.4368910436335804
19.5	4.4368910436335804
20.0	4.4368910436335804
20.5	4.4368910436335804
21	4.699529477507683
21.5	4.699529477507683
22.0	4.699529477507683
22.5	4.699529477507683
23.0	4.699529477507683
23.5	4.699529477507683
24.0	4.699529477507683
24.5	4.78497671900379
25.0	4.78497671900379
25.5	4.78497671900379
26.0	4.78497671900379
26.5	4.78497671900379
27.0	4.78497671900379
27.5	4.78497671900379
28.0	4.78497671900379
28.5	4.069530069304717
29.0	4.069530069304717
29.5	4.069530069304717
30.0	4.069530069304717
30.5	4.069530069304717
31.0	4.069530069304717
31.5	4.069530069304717
32.0	4.069530069304717
32.5	4.069530069304717
33	3.720591836734694
33.5	3.720591836734694
34.0	3.720591836734694
34.5	3.720591836734694
35.0	3.720591836734694
35.5	3.720591836734694
36.0	3.720591836734694
36.5	3.720591836734694
37.0	3.720591836734694
37.5	3.6413330513850712
38.0	3.6413330513850712
38.5	3.6413330513850712
39.0	3.6413330513850712
39.5	3.6413330513850712
40.0	3.6413330513850712
40.5	3.6413330513850712
41.0	3.6413330513850712
41.5	3.6413330513850712
42	3.6402050874403815
42.5	3.6402050874403815
43.0	3.6402050874403815
43.5	3.6402050874403815
44.0	3.6402050874403815
44.5	3.6402050874403815
45.0	3.6402050874403815
45.5	3.6402050874403815
46.0	3.6402050874403815
46.5	3.6402050874403815
47	4.328205636622331
47.5	4.336956041063438
48.0	4.336956041063438
48.5	4.336956041063438
49.0	4.336956041063438
49.5	4.336956041063438
50.0	4.336956041063438
50.5	4.336956041063438
51	4.4819763168900515
51.5	4.493122913505311
52.0	4.493122913505311
52.5	4.493122913505311
53.0	4.493122913505311
53.5	4.493122913505311
54.0	4.493122913505311
54.5	4.493122913505311
55.0	4.493122913505311
55.5	6.565385083713851
56.0	6.565385083713851
56.5	6.565385083713851
57.0	6.565385083713851
57.5	6.565385083713851
58	6.726374278647981
58.5	6.726374278647981
59.0	6.726374278647981
59.5	6.726374278647981
60.0	6.726374278647981
60.5	6.62799847735059
61.0	6.62799847735059
61.5	6.62799847735059
62.0	6.62799847735059
62.5	6.62799847735059
63	6.389891965788123
63.5	6.383637931034483
64.0	6.383637931034483
64.5	6.383637931034483
65.0	6.383637931034483
65.5	6.383637931034483
66	5.79058073654391
66.5	5.79058073654391
67.0	5.79058073654391
67.5	5.79058073654391
68.0	5.79058073654391
68.5	5.79058073654391
69	5.696619993487463
69.5	5.696619993487463
70.0	5.696619993487463
70.5	5.696619993487463
71.0	5.696619993487463
71.5	5.696619993487463
72	5.847863888888889
72.5	5.847863888888889
73.0	5.847863888888889
73.5	5.847863888888889
74.0	5.847863888888889
74.5	5.847863888888889
75	7.515570196078432
75.5	7.515570196078432
76.0	7.515570196078432
76.5	7.515570196078432
77.0	7.515570196078432
77.5	7.522637887788803
78	7.523311397234145
78.5	7.523311397234145
79.0	7.523311397234145
79.5	7.523311397234145
80	5.62295423114916
80.5	5.62295423114916
81.0	5.62295423114916
81.5	5.62295423114916
82.0	5.62295423114916
82.5	5.62295423114916
83	3.424175245593262
83.5	3.3742194503995324
84.0	3.3742194503995324
84.5	3.3742194503995324
85.0	3.3742194503995324
85.5	3.3742194503995324
86.0	3.3742194503995324
86.5	3.3742194503995324
87.0	3.3742194503995324
87.5	3.3742194503995324
88.0	3.3742194503995324
88.5	3.3750337392693153
89.0	3.3750337392693153
89.5	3.3750337392693153
90.0	3.3750337392693153
90.5	3.3750337392693153
91.0	3.3750337392693153
91.5	3.3750337392693153
92.0	3.3750337392693153
92.5	3.3750337392693153
93.0	3.3750337392693153
93.5	3.376462173314993
94.0	3.376462173314993
94.5	3.376462173314993
95.0	3.376462173314993
95.5	3.376462173314993
96.0	3.376462173314993
96.5	3.376462173314993
97.0	3.376462173314993
97.5	3.376462173314993
98.0	3.376462173314993
98.5	2.9735990012197075
99	2.964416032470827
99.5	2.964416032470827
100.0	2.964416032470827
100.5	2.964416032470827
101.0	2.964416032470827
101.5	2.964416032470827
102.0	2.964416032470827
102.5	2.964416032470827
103.0	2.964416032470827
103.5	2.964416032470827
104.0	2.964416032470827
104.5	3.0422892602199534
105	3.043435035767759
105.5	3.043435035767759
106.0	3.043435035767759
106.5	3.043435035767759
107.0	3.043435035767759
107.5	3.043435035767759
108.0	3.043435035767759
108.5	3.043435035767759
109.0	3.043435035767759
109.5	3.043435035767759
110.0	3.043435035767759
110.5	3.043435035767759
111	3.091476222371065
111.5	3.091476222371065
112.0	3.091476222371065
112.5	3.091476222371065
113.0	3.091476222371065
113.5	3.091476222371065
114.0	3.091476222371065
114.5	3.091476222371065
115.0	3.091476222371065
115.5	3.091476222371065
116.0	3.091476222371065
116.5	3.091476222371065
117	3.147079633027523
117.5	3.147079633027523
118.0	3.147079633027523
118.5	3.147079633027523
119.0	3.147079633027523
119.5	3.147079633027523
120.0	3.147079633027523
120.5	3.147079633027523
121.0	3.147079633027523
121.5	3.147079633027523
122.0	3.147079633027523
122.5	3.1581838371375692
123.0	3.1581838371375692
123.5	3.1581838371375692
124.0	3.1581838371375692
124.5	3.1581838371375692
125.0	3.1581838371375692
125.5	3.1581838371375692
126.0	3.1581838371375692
126.5	3.1581838371375692
127.0	3.1581838371375692
127.5	3.1784895467160035
128.0	3.1784895467160035
128.5	3.1784895467160035
129.0	3.1784895467160035
129.5	3.1784895467160035
130.0	3.1784895467160035
130.5	3.1784895467160035
131.0	3.1784895467160035
131.5	3.1784895467160035
132.0	3.1784895467160035
132.5	3.1784895467160035
133	3.5668533221897203
133.5	3.5668533221897203
134.0	3.5668533221897203
134.5	3.5668533221897203
135.0	3.5668533221897203
135.5	3.5668533221897203
136.0	3.5668533221897203
136.5	3.5668533221897203
137.0	3.5668533221897203
137.5	3.5668533221897203
138	4.446765086765087
138.5	4.446765086765087
139.0	4.446765086765087
139.5	4.446765086765087
140.0	4.446765086765087
140.5	4.446765086765087
141.0	4.446765086765087
141.5	4.446765086765087
142	6.973099627945432
142.5	6.973099627945432
143.0	6.973099627945432
143.5	6.973099627945432
144.0	6.973099627945432
144.5	4.033364412647127
145.0	4.033364412647127
145.5	4.033364412647127
146.0	4.033364412647127
146.5	4.033364412647127
147.0	4.033364412647127
147.5	4.033364412647127
148.0	4.033364412647127
148.5	3.4869810886213375
149	3.4771454321999182
149.5	3.4771454321999182
150.0	3.4771454321999182
150.5	3.4771454321999182
151.0	3.4771454321999182
151.5	3.4771454321999182
152.0	3.4771454321999182
152.5	3.4771454321999182
153.0	3.4771454321999182
153.5	3.5030211368445836
154	3.503614762186698
154.5	3.503614762186698
155.0	3.503614762186698
155.5	3.503614762186698
156.0	3.503614762186698
156.5	3.503614762186698
157.0	3.503614762186698
157.5	3.503614762186698
158.0	3.503614762186698
158.5	3.503614762186698
159	3.5902006335797254
159.5	3.5902006335797254
160.0	3.5902006335797254
160.5	3.5902006335797254
161.0	3.5902006335797254
161.5	3.5902006335797254
162.0	3.5902006335797254
162.5	3.5902006335797254
163.0	3.5902006335797254
163.5	2.991454658035372
164	2.9593360777210607
164.5	2.9593360777210607
165.0	2.9593360777210607
165.5	2.9593360777210607
166.0	2.9593360777210607
166.5	2.9593360777210607
167.0	2.9593360777210607
167.5	2.9593360777210607
168.0	2.9593360777210607
168.5	2.9593360777210607
169.0	2.9593360777210607
169.5	2.9593360777210607
170	2.5223665594855307
170.5	2.5223665594855307
171.0	2.5223665594855307
171.5	2.5223665594855307
172.0	2.5223665594855307
172.5	2.5223665594855307
173.0	2.5223665594855307
173.5	2.5223665594855307
174.0	2.5223665594855307
174.5	2.5223665594855307
175.0	2.5223665594855307
175.5	2.5223665594855307
176	2.4006104340814467
176.5	2.399122738658503
177.0	2.399122738658503
177.5	2.399122738658503
178.0	2.399122738658503
178.5	2.399122738658503
179.0	2.399122738658503
179.5	2.399122738658503
180.0	2.399122738658503
180.5	2.399122738658503
181.0	2.399122738658503
181.5	2.399122738658503
182.0	2.399122738658503
182.5	2.399122738658503
183.0	2.399122738658503
183.5	2.886024096385542
184.0	2.886024096385542
184.5	2.886024096385542
