0	2.3270528
0.5	2.3270528
1	2.3572727272727274
1.5	2.3037861825516894
2.0	2.3037861825516894
2.5	2.3037861825516894
3.0	2.3037861825516894
3.5	2.296588126730237
4.0	2.296588126730237
4.5	2.296588126730237
5.0	2.296588126730237
5.5	2.296588126730237
6.0	2.296588126730237
6.5	2.296588126730237
7	2.470257744733581
7.5	2.470257744733581
8.0	2.470257744733581
8.5	2.470257744733581
9.0	2.470257744733581
9.5	2.470257744733581
10	2.5285804507730854
10.5	2.529989735491512
11.0	2.529989735491512
11.5	2.529989735491512
12.0	2.529989735491512
12.5	2.529989735491512
13	2.6496415508412583
13.5	2.6496415508412583
14.0	2.6496415508412583
14.5	2.6496415508412583
15.0	2.6496415508412583
15.5	3.230729626808835
16.0	3.230729626808835
16.5	3.230729626808835
17.0	3.230729626808835
17.5	3.230729626808835
18.0	3.230729626808835
18.5	3.3184163424124513
19.0	3.3184163424124513
19.5	3.3184163424124513
20.0	3.3184163424124513
20.5	3.450261444077395
21.0	3.450261444077395
21.5	3.450261444077395
22.0	3.450261444077395
22.5	4.655450154798762
23.0	4.655450154798762
23.5	4.655450154798762
24.0	4.655450154798762
24.5	5.392670095518001
25.0	5.392670095518001
25.5	5.392670095518001
26	5.083607707794076
26.5	5.083607707794076
27.0	5.083607707794076
27.5	5.083607707794076
28.0	5.083607707794076
28.5	5.083607707794076
29.0	5.083607707794076
29.5	4.581678328718852
30.0	4.581678328718852
30.5	4.581678328718852
31.0	4.581678328718852
31.5	4.581678328718852
32.0	4.581678328718852
32.5	4.581678328718852
33.0	4.581678328718852
33.5	6.257095163806553
34.0	6.257095163806553
34.5	6.257095163806553
35.0	6.257095163806553
35.5	6.257095163806553
36	6.2482502679710645
36.5	6.248136429608127
37.0	6.248136429608127
37.5	6.248136429608127
38.0	6.248136429608127
38.5	6.248136429608127
39	6.163362045760431
39.5	6.163362045760431
40.0	6.163362045760431
40.5	6.163362045760431
41.0	6.163362045760431
41.5	6.163362045760431
42	6.097740932642487
42.5	6.097740932642487
43.0	6.097740932642487
43.5	6.097740932642487
44.0	6.097740932642487
44.5	6.097740932642487
45	5.703309149277689
45.5	5.703309149277689
46.0	5.703309149277689
46.5	5.703309149277689
47.0	5.703309149277689
47.5	5.703309149277689
48	4.408235053653551
48.5	4.408235053653551
49.0	4.408235053653551
49.5	4.408235053653551
50.0	4.408235053653551
50.5	4.408235053653551
51.0	4.408235053653551
51.5	4.408235053653551
52	6.4320788332676395
52.5	6.4320788332676395
53.0	6.4320788332676395
53.5	6.4320788332676395
54.0	6.4320788332676395
54.5	6.4320788332676395
55	6.42737246216316
55.5	6.42737246216316
56.0	6.42737246216316
56.5	6.42737246216316
57.0	6.42737246216316
57.5	6.344893966440557
58.0	6.344893966440557
58.5	6.344893966440557
59.0	6.344893966440557
59.5	6.344893966440557
60.0	6.344893966440557
60.5	6.24145038167939
61.0	6.24145038167939
61.5	6.24145038167939
62.0	6.24145038167939
62.5	6.24145038167939
63	6.232665402180373
63.5	6.2323904524403275
64.0	6.2323904524403275
64.5	6.2323904524403275
65.0	6.2323904524403275
65.5	6.2323904524403275
66	6.394019741837509
66.5	6.394019741837509
67.0	6.394019741837509
67.5	6.394019741837509
68.0	6.394019741837509
68.5	6.394019741837509
69	6.645181692094313
69.5	6.645181692094313
70.0	6.645181692094313
70.5	6.645181692094313
71.0	6.645181692094313
71.5	6.645474036649506
72	6.645486099410278
72.5	6.645486099410278
73.0	6.645486099410278
73.5	6.645486099410278
74	6.296783835880866
74.5	6.278276470588236
75.0	6.278276470588236
75.5	6.278276470588236
76.0	6.278276470588236
76.5	6.278276470588236
77	6.097096345944642
77.5	6.079044943820225
78.0	6.079044943820225
78.5	6.079044943820225
79.0	6.079044943820225
79.5	6.079044943820225
80	6.013358840571018
80.5	6.011928876244665
81.0	6.011928876244665
81.5	6.011928876244665
82.0	6.011928876244665
82.5	6.011928876244665
83	4.771678978061649
83.5	4.771678978061649
84.0	4.771678978061649
84.5	4.771678978061649
85.0	4.771678978061649
85.5	4.771678978061649
86.0	4.771678978061649
86.5	4.771678978061649
87	4.640876886417792
87.5	4.640876886417792
88.0	4.640876886417792
88.5	4.640876886417792
89.0	4.640876886417792
89.5	4.640876886417792
90.0	4.640876886417792
90.5	4.750663740703106
91	4.754180873180873
91.5	4.754180873180873
92.0	4.754180873180873
92.5	4.754180873180873
93.0	4.754180873180873
93.5	4.754180873180873
94.0	4.754180873180873
94.5	5.177312394840157
95.0	5.177312394840157
95.5	5.177312394840157
96.0	5.177312394840157
96.5	5.177312394840157
97.0	5.177312394840157
97.5	5.177312394840157
98	5.180155316414707
98.5	5.180182422228934
99.0	5.180182422228934
99.5	5.180182422228934
100.0	5.180182422228934
100.5	5.180182422228934
101.0	5.180182422228934
101.5	4.628766726943943
102.0	4.628766726943943
102.5	4.628766726943943
103.0	4.628766726943943
103.5	4.628766726943943
104.0	4.628766726943943
104.5	4.628766726943943
105	4.608298283261803
105.5	4.608298283261803
106.0	4.608298283261803
106.5	4.608298283261803
107.0	4.608298283261803
107.5	4.608298283261803
108.0	4.608298283261803
108.5	4.608298283261803
109	4.568092052448488
109.5	4.568092052448488
110.0	4.568092052448488
110.5	4.568092052448488
111.0	4.568092052448488
111.5	4.568092052448488
112.0	4.568092052448488
112.5	4.568092052448488
113	4.546864406779661
113.5	4.546864406779661
114.0	4.546864406779661
114.5	4.546864406779661
115.0	4.546864406779661
115.5	4.546864406779661
116.0	4.546864406779661
116.5	4.407654385641841
117	4.403009135995823
117.5	4.403009135995823
118.0	4.403009135995823
118.5	4.403009135995823
119.0	4.403009135995823
119.5	4.403009135995823
120.0	4.403009135995823
120.5	4.243945604662457
121.0	4.243945604662457
121.5	4.243945604662457
122.0	4.243945604662457
122.5	4.243945604662457
123.0	4.243945604662457
123.5	4.243945604662457
124.0	4.243945604662457
124.5	4.243945604662457
125	3.4293785858585855
125.5	3.4293785858585855
126.0	3.4293785858585855
126.5	3.4293785858585855
127.0	3.4293785858585855
127.5	3.4293785858585855
128.0	3.4293785858585855
128.5	3.4293785858585855
129.0	3.4293785858585855
129.5	3.4293785858585855
130	3.2478624222466155
130.5	3.2478624222466155
131.0	3.2478624222466155
131.5	3.2478624222466155
132.0	3.2478624222466155
132.5	3.2478624222466155
133.0	3.2478624222466155
133.5	3.2478624222466155
134.0	3.2478624222466155
134.5	3.2478624222466155
135.0	3.2478624222466155
135.5	4.077620532501799
136.0	4.077620532501799
136.5	4.077620532501799
137.0	4.077620532501799
137.5	4.077620532501799
138.0	4.077620532501799
138.5	4.077620532501799
139.0	4.077620532501799
139.5	3.6095697931311506
140.0	3.6095697931311506
140.5	3.6095697931311506
141.0	3.6095697931311506
141.5	3.6095697931311506
142.0	3.6095697931311506
142.5	3.6095697931311506
143.0	3.6095697931311506
143.5	3.6095697931311506
144.0	3.6095697931311506
144.5	4.205937265972616
145	4.220909335485607
145.5	4.220909335485607
146.0	4.220909335485607
146.5	4.220909335485607
147.0	4.220909335485607
147.5	4.220909335485607
148.0	4.220909335485607
148.5	5.002929773650609
149.0	5.002929773650609
149.5	5.002929773650609
150.0	5.002929773650609
150.5	5.002929773650609
151.0	5.002929773650609
151.5	5.002929773650609
152	5.014769061599598
152.5	5.014982072584171
153.0	5.014982072584171
153.5	5.014982072584171
154.0	5.014982072584171
