0	4.691638709677419
0.5	4.714545454545455
1	4.638836363636364
1.5	4.634606060606061
2.0	4.634606060606061
2.5	4.643847672778561
3	4.6170489913544674
3.5	4.6170489913544674
4.0	4.6170489913544674
4.5	2.53454919236417
5.0	2.53454919236417
5.5	2.53454919236417
6.0	2.53454919236417
6.5	2.53454919236417
7.0	2.53454919236417
7.5	2.53454919236417
8.0	2.53454919236417
8.5	2.53454919236417
9.0	2.53454919236417
9.5	2.53454919236417
10.0	2.53454919236417
10.5	2.53454919236417
11.0	2.53454919236417
11.5	2.705060682120183
12.0	2.705060682120183
12.5	2.705060682120183
13.0	2.705060682120183
13.5	2.705060682120183
14.0	2.705060682120183
14.5	2.705060682120183
15.0	2.705060682120183
15.5	2.705060682120183
16.0	2.705060682120183
16.5	2.705060682120183
17.0	2.705060682120183
17.5	2.705060682120183
18.0	2.705060682120183
18.5	2.7424536357571716
19.0	2.7424536357571716
19.5	2.7424536357571716
20.0	2.7424536357571716
20.5	2.7424536357571716
21.0	2.7424536357571716
21.5	2.7424536357571716
22.0	2.7424536357571716
22.5	2.7424536357571716
23.0	2.7424536357571716
23.5	2.7424536357571716
24.0	2.7424536357571716
24.5	3.759447140381283
25.0	3.759447140381283
25.5	3.759447140381283
26.0	3.759447140381283
26.5	3.759447140381283
27.0	3.759447140381283
27.5	3.759447140381283
28.0	3.759447140381283
28.5	3.759447140381283
29	2.6747628517421
29.5	2.655494196701283
30.0	2.655494196701283
30.5	2.655494196701283
31.0	2.655494196701283
31.5	2.655494196701283
32.0	2.655494196701283
32.5	2.655494196701283
33.0	2.655494196701283
33.5	2.655494196701283
34.0	2.655494196701283
34.5	2.655494196701283
35.0	2.655494196701283
35.5	2.655494196701283
36	3.316555478018144
36.5	3.316555478018144
37.0	3.316555478018144
37.5	3.102022360248447
38.0	3.102022360248447
38.5	3.102022360248447
39	2.8004094128229458
39.5	2.7473929754804507
40.0	2.7473929754804507
40.5	2.7473929754804507
41.0	2.7473929754804507
41.5	2.7473929754804507
42.0	2.7473929754804507
42.5	2.241830832196453
43.0	2.241830832196453
43.5	2.241830832196453
44.0	2.241830832196453
44.5	2.241830832196453
45.0	2.241830832196453
45.5	2.8209931245225364
46.0	2.8209931245225364
46.5	2.8209931245225364
47.0	2.8209931245225364
47.5	2.8209931245225364
48	2.797971056439942
48.5	2.797971056439942
49.0	2.797971056439942
49.5	2.797971056439942
50.0	2.797971056439942
50.5	2.797971056439942
51	2.8582944735780558
51.5	2.8582944735780558
52.0	2.8582944735780558
52.5	2.8582944735780558
53.0	2.8582944735780558
53.5	2.539095115681234
54.0	2.539095115681234
54.5	2.539095115681234
55.0	2.539095115681234
55.5	2.539095115681234
56.0	2.539095115681234
56.5	5.308936781609195
57.0	5.308936781609195
57.5	5.308936781609195
58	3.528256
58.5	3.528256
59.0	3.528256
59.5	3.528256
60.0	3.528256
60.5	3.528256
61.0	3.528256
61.5	3.528256
62.0	3.528256
62.5	3.528256
63	3.2042237762237766
63.5	3.2042237762237766
64.0	3.2042237762237766
64.5	3.2042237762237766
65.0	3.2042237762237766
65.5	3.2042237762237766
66.0	3.2042237762237766
66.5	3.2042237762237766
67.0	3.2042237762237766
67.5	3.2042237762237766
68.0	3.2042237762237766
68.5	4.982351555929353
69.0	4.982351555929353
69.5	4.982351555929353
70.0	4.982351555929353
70.5	4.982351555929353
71.0	4.982351555929353
71.5	4.982351555929353
72	5.247946084724005
72.5	5.247946084724005
73.0	5.247946084724005
73.5	5.247946084724005
74.0	5.247946084724005
74.5	5.247946084724005
75	5.275729794933655
75.5	5.275729794933655
76.0	5.275729794933655
76.5	5.275729794933655
77.0	5.275729794933655
77.5	5.275729794933655
78.0	5.275729794933655
78.5	5.232012426219323
79.0	5.232012426219323
79.5	5.232012426219323
80.0	5.232012426219323
80.5	5.232012426219323
81.0	5.232012426219323
81.5	5.232012426219323
82	5.226262339787292
82.5	5.226262339787292
83.0	5.226262339787292
83.5	5.226262339787292
84.0	5.226262339787292
84.5	5.226262339787292
85.0	5.226262339787292
85.5	5.2222389937106914
86.0	5.2222389937106914
86.5	5.2222389937106914
87.0	5.2222389937106914
87.5	5.2222389937106914
88.0	5.2222389937106914
88.5	5.272706488349773
89	5.277166872682324
89.5	5.277166872682324
90.0	5.277166872682324
90.5	5.277166872682324
91.0	5.277166872682324
91.5	5.277166872682324
92	5.194455445544554
92.5	5.194455445544554
93.0	5.194455445544554
93.5	5.194455445544554
94.0	5.194455445544554
94.5	5.194455445544554
95.0	5.194455445544554
95.5	5.179394607843137
96.0	5.179394607843137
96.5	5.179394607843137
97.0	5.179394607843137
97.5	5.179394607843137
98.0	5.179394607843137
98.5	5.179394607843137
99	5.16310576923077
99.5	5.16310576923077
100.0	5.16310576923077
100.5	5.16310576923077
101.0	5.16310576923077
101.5	5.16310576923077
102	5.22031870931379
102.5	5.221504915102771
103.0	5.221504915102771
103.5	5.221504915102771
104.0	5.221504915102771
104.5	5.221504915102771
105.0	5.221504915102771
105.5	5.26145757837216
106.0	5.26145757837216
106.5	5.26145757837216
107.0	5.26145757837216
107.5	5.26145757837216
108.0	5.26145757837216
108.5	5.26145757837216
109	5.231174737135965
109.5	5.230112181303116
110.0	5.230112181303116
110.5	5.230112181303116
111.0	5.230112181303116
111.5	5.230112181303116
112.0	5.230112181303116
112.5	5.230112181303116
113	5.163029500301024
113.5	5.163029500301024
114.0	5.163029500301024
114.5	5.163029500301024
115.0	5.163029500301024
115.5	5.163029500301024
116	5.11708411957445
116.5	5.116005329780147
117.0	5.116005329780147
117.5	5.116005329780147
118.0	5.116005329780147
118.5	5.116005329780147
119.0	5.116005329780147
119.5	5.143633532934132
120.0	5.143633532934132
120.5	5.143633532934132
121.0	5.143633532934132
121.5	5.143633532934132
122.0	5.143633532934132
122.5	5.143633532934132
123	5.298249534450651
123.5	5.298249534450651
124.0	5.298249534450651
124.5	5.298249534450651
125.0	5.298249534450651
125.5	5.298249534450651
126	5.259438586169631
126.5	5.258486983154671
127.0	5.258486983154671
127.5	5.258486983154671
128.0	5.258486983154671
128.5	5.258486983154671
129.0	5.258486983154671
129.5	5.249899782135076
130.0	5.249899782135076
130.5	5.249899782135076
131.0	5.249899782135076
131.5	5.249899782135076
132.0	5.249899782135076
132.5	5.249899782135076
133	5.199811960725974
133.5	5.199811960725974
134.0	5.199811960725974
134.5	5.199811960725974
135.0	5.199811960725974
135.5	5.199811960725974
136	4.759863952423183
136.5	4.755020728291316
137.0	4.755020728291316
137.5	4.755020728291316
138.0	4.755020728291316
138.5	4.755020728291316
139.0	4.755020728291316
139.5	4.755020728291316
140	3.5512734546909384
140.5	3.5512734546909384
141.0	3.5512734546909384
141.5	3.5512734546909384
142.0	3.5512734546909384
142.5	3.5512734546909384
143.0	3.5512734546909384
143.5	3.5512734546909384
144.0	3.5512734546909384
144.5	3.5512734546909384
145	4.630781803323345
145.5	4.630781803323345
146.0	4.630781803323345
146.5	4.630781803323345
147.0	4.630781803323345
147.5	4.630781803323345
148.0	4.630781803323345
148.5	5.047281346605992
149	5.061123063925654
149.5	5.061123063925654
150.0	5.061123063925654
150.5	5.061123063925654
151.0	5.061123063925654
151.5	5.061123063925654
152.0	5.061123063925654
152.5	5.15750164365549
153.0	5.15750164365549
153.5	5.15750164365549
154.0	5.15750164365549
154.5	5.15750164365549
155.0	5.15750164365549
155.5	5.049823081429408
156.0	5.049823081429408
156.5	5.049823081429408
157.0	5.049823081429408
157.5	5.049823081429408
158.0	5.049823081429408
158.5	5.049823081429408
159	5.159363022941971
159.5	5.159363022941971
160.0	5.159363022941971
160.5	5.159363022941971
161.0	5.159363022941971
