0	2.703360594795539
0.5	2.703360594795539
1	4.02095643939394
1.5	4.02095643939394
2.0	4.02095643939394
2.5	4.02095643939394
3.0	4.02095643939394
3.5	4.02095643939394
4.0	4.02095643939394
4.5	4.02095643939394
5	3.2798436810589346
5.5	3.2798436810589346
6.0	3.2798436810589346
6.5	3.2798436810589346
7.0	3.2798436810589346
7.5	3.2798436810589346
8.0	3.2798436810589346
8.5	4.526329735764794
9.0	4.526329735764794
9.5	4.526329735764794
10.0	4.526329735764794
10.5	4.526329735764794
11	3.286791750347398
11.5	3.2300507111935683
12.0	3.2300507111935683
12.5	3.2300507111935683
13	4.622029259084473
13.5	4.622029259084473
14.0	4.622029259084473
14.5	4.622029259084473
15	4.25727251820621
15.5	4.25727251820621
16.0	4.25727251820621
16.5	4.25727251820621
17.0	4.25727251820621
17.5	4.25727251820621
18	4.102050062578223
18.5	4.102050062578223
19.0	4.102050062578223
19.5	4.102050062578223
20.0	4.102050062578223
20.5	4.102050062578223
21	6.436475471698113
21.5	6.436475471698113
22	5.846722948094894
22.5	5.825580876494024
23.0	5.825580876494024
23.5	4.349218609304652
24.0	4.349218609304652
24.5	4.349218609304652
25.0	4.349218609304652
25.5	4.349218609304652
26.0	4.349218609304652
26.5	4.349218609304652
27.0	4.349218609304652
27.5	4.557750563269785
28	4.573033170201196
28.5	4.573033170201196
29.0	4.573033170201196
29.5	4.573033170201196
30.0	4.573033170201196
30.5	4.573033170201196
31.0	4.573033170201196
31.5	4.845313596491228
32.0	4.845313596491228
32.5	4.845313596491228
33.0	4.845313596491228
33.5	4.845313596491228
34.0	4.845313596491228
34.5	4.845313596491228
35.0	4.845313596491228
35.5	5.169840386253905
36.0	5.169840386253905
36.5	5.169840386253905
37.0	5.169840386253905
37.5	5.169840386253905
38.0	5.169840386253905
38.5	5.169840386253905
39	5.367411174305788
39.5	5.367411174305788
40.0	5.367411174305788
40.5	5.367411174305788
41.0	5.367411174305788
41.5	5.367411174305788
42	5.621894874306236
42.5	5.621894874306236
43.0	5.621894874306236
43.5	5.621894874306236
44.0	5.621894874306236
44.5	5.621894874306236
45	5.357564200058497
45.5	5.357564200058497
46.0	5.357564200058497
46.5	5.357564200058497
47.0	5.357564200058497
47.5	5.357564200058497
48.0	5.357564200058497
48.5	5.195867549668874
49.0	5.195867549668874
49.5	5.195867549668874
50.0	5.195867549668874
50.5	5.195867549668874
51.0	5.195867549668874
51.5	5.195867549668874
52	5.267064334420398
52.5	5.267064334420398
53.0	5.267064334420398
53.5	5.267064334420398
54.0	5.267064334420398
54.5	5.267064334420398
55.0	5.267064334420398
55.5	5.181330930930931
56.0	5.181330930930931
56.5	5.181330930930931
57.0	5.181330930930931
57.5	5.181330930930931
58.0	5.181330930930931
58.5	5.181330930930931
59	5.525968167964782
59.5	5.525968167964782
60.0	5.525968167964782
60.5	5.525968167964782
61.0	5.525968167964782
61.5	5.525968167964782
62	5.310079902409271
62.5	5.310079902409271
63.0	5.310079902409271
63.5	5.310079902409271
64.0	5.310079902409271
64.5	5.310079902409271
65.0	5.310079902409271
65.5	3.0747487889273355
66.0	3.0747487889273355
66.5	3.0747487889273355
67.0	3.0747487889273355
67.5	3.0747487889273355
68.0	3.0747487889273355
68.5	3.0747487889273355
69.0	3.0747487889273355
69.5	3.0747487889273355
70.0	3.0747487889273355
70.5	3.0747487889273355
71	3.6568030523778186
71.5	3.6697935368043084
72.0	3.6697935368043084
72.5	3.6697935368043084
73.0	3.6697935368043084
73.5	3.6697935368043084
74.0	3.6697935368043084
74.5	3.6697935368043084
75.0	3.6697935368043084
75.5	3.6697935368043084
76	4.8048118648722875
76.5	4.8048118648722875
77.0	4.8048118648722875
77.5	4.8048118648722875
78.0	4.8048118648722875
78.5	4.8048118648722875
79.0	4.8048118648722875
79.5	5.07284578313253
80.0	5.07284578313253
80.5	5.07284578313253
81.0	5.07284578313253
81.5	5.07284578313253
82.0	5.07284578313253
82.5	5.07284578313253
83	5.144886979865771
83.5	5.144886979865771
84.0	5.144886979865771
84.5	5.144886979865771
85.0	5.144886979865771
85.5	5.144886979865771
86.0	5.144886979865771
86.5	5.746023713375149
87	5.757804379562044
87.5	5.757804379562044
88.0	5.757804379562044
88.5	5.757804379562044
89.0	5.757804379562044
89.5	2.712343074968234
90.0	2.712343074968234
90.5	2.712343074968234
91.0	2.712343074968234
91.5	2.712343074968234
92.0	2.712343074968234
92.5	2.712343074968234
93.0	2.712343074968234
93.5	2.712343074968234
94.0	2.712343074968234
94.5	2.712343074968234
95.0	2.712343074968234
95.5	2.712343074968234
96	3.1432679738562093
96.5	3.1432679738562093
97.0	3.1432679738562093
97.5	3.1432679738562093
98.0	3.1432679738562093
98.5	3.1432679738562093
99.0	3.1432679738562093
99.5	3.1432679738562093
100.0	3.1432679738562093
100.5	3.1432679738562093
101.0	3.1432679738562093
101.5	4.68141868141287
102	4.709065181058496
102.5	4.709065181058496
103.0	4.709065181058496
103.5	4.709065181058496
104.0	4.709065181058496
104.5	4.709065181058496
105.0	4.709065181058496
105.5	4.688353615279673
106.0	4.688353615279673
106.5	4.688353615279673
107.0	4.688353615279673
107.5	4.688353615279673
108.0	4.688353615279673
108.5	4.688353615279673
109	4.479578839764887
109.5	4.479578839764887
110.0	4.479578839764887
110.5	4.479578839764887
111.0	4.479578839764887
111.5	4.479578839764887
112.0	4.479578839764887
112.5	4.479578839764887
113	4.792792245218759
113.5	4.792792245218759
114.0	4.792792245218759
114.5	4.792792245218759
115.0	4.792792245218759
115.5	4.792792245218759
116.0	4.792792245218759
116.5	4.792792245218759
117	5.554240673886883
117.5	5.554240673886883
118.0	5.554240673886883
118.5	5.554240673886883
119.0	5.554240673886883
119.5	5.554240673886883
120.0	5.554240673886883
120.5	6.062772711205373
121.0	6.062772711205373
121.5	6.062772711205373
122.0	6.062772711205373
122.5	6.062772711205373
123.0	6.062772711205373
123.5	5.3869687828832
124.0	5.3869687828832
124.5	5.3869687828832
125.0	5.3869687828832
125.5	5.3869687828832
126	5.587102453451104
126.5	5.590542141230069
127.0	5.590542141230069
127.5	5.590542141230069
128.0	5.590542141230069
128.5	5.590542141230069
129.0	5.590542141230069
129.5	4.564427807486631
130.0	4.564427807486631
130.5	4.564427807486631
131.0	4.564427807486631
131.5	4.564427807486631
132.0	4.564427807486631
132.5	4.564427807486631
133.0	4.564427807486631
133.5	4.684572987721692
134.0	4.684572987721692
134.5	4.684572987721692
135.0	4.684572987721692
135.5	4.684572987721692
136.0	4.684572987721692
136.5	4.684572987721692
137	4.787944365597502
137.5	4.787944365597502
138.0	4.787944365597502
138.5	4.787944365597502
139.0	4.787944365597502
139.5	4.787944365597502
140.0	4.787944365597502
140.5	5.391503559039264
141	5.404009894867038
141.5	5.404009894867038
142.0	5.404009894867038
142.5	5.404009894867038
143.0	5.404009894867038
143.5	5.404009894867038
144	4.595404439631835
144.5	4.595404439631835
145.0	4.595404439631835
145.5	4.595404439631835
146.0	4.595404439631835
146.5	4.595404439631835
147.0	4.595404439631835
147.5	4.595404439631835
148	4.245054041128647
148.5	4.245054041128647
149.0	4.245054041128647
149.5	4.245054041128647
150.0	4.245054041128647
150.5	4.245054041128647
151.0	4.245054041128647
151.5	4.245054041128647
152	4.6676551345414605
152.5	4.6676551345414605
153.0	4.6676551345414605
153.5	4.6676551345414605
154.0	4.6676551345414605
154.5	4.6676551345414605
155.0	4.6676551345414605
155.5	4.6676551345414605
156	5.1837461782520915
156.5	5.1837461782520915
157.0	5.1837461782520915
157.5	5.1837461782520915
158.0	5.1837461782520915
158.5	5.1837461782520915
159.0	5.1837461782520915
159.5	4.383660240290584
160.0	4.383660240290584
160.5	4.383660240290584
161.0	4.383660240290584
161.5	4.383660240290584
162.0	4.383660240290584
162.5	4.383660240290584
163	3.6843535348368306
163.5	3.6233913408995377
164.0	3.6233913408995377
164.5	3.6233913408995377
165.0	3.6233913408995377
165.5	3.6233913408995377
166.0	3.6233913408995377
166.5	3.6233913408995377
167.0	3.6233913408995377
167.5	3.6233913408995377
168	4.118227648114901
168.5	4.118227648114901
169.0	4.118227648114901
169.5	4.118227648114901
170.0	4.118227648114901
170.5	4.118227648114901
