0	3.758160206718346
0.5	3.7597680604971933
1	3.7073923381770144
1.5	3.7073923381770144
2	3.707684848484848
2.5	3.707684848484848
3	3.6963849964614295
3.5	3.6963849964614295
4.0	3.6963849964614295
4.5	3.6915115207373272
5.0	3.6915115207373272
5.5	3.6915115207373272
6	3.6772182741116755
6.5	3.6772182741116755
7.0	3.6772182741116755
7.5	3.6772182741116755
8	3.45751575769013
8.5	3.45751575769013
9.0	3.45751575769013
9.5	3.45751575769013
10.0	3.45751575769013
10.5	3.45751575769013
11.0	3.45751575769013
11.5	3.45751575769013
12.0	3.45751575769013
12.5	3.45751575769013
13.0	3.45751575769013
13.5	3.102594716981132
14.0	3.102594716981132
14.5	3.102594716981132
15.0	3.102594716981132
15.5	3.102594716981132
16.0	3.102594716981132
16.5	3.102594716981132
17.0	3.102594716981132
17.5	3.102594716981132
18.0	3.102594716981132
18.5	3.102594716981132
19	3.366364306498545
19.5	3.366364306498545
20.0	3.366364306498545
20.5	3.366364306498545
21.0	3.366364306498545
21.5	3.366364306498545
22.0	3.366364306498545
22.5	3.366364306498545
23.0	3.366364306498545
23.5	3.366364306498545
24	3.7043408606732
24.5	3.7043408606732
25.0	3.7043408606732
25.5	3.7043408606732
26.0	3.7043408606732
26.5	3.7043408606732
27.0	3.7043408606732
27.5	3.7043408606732
28.0	3.7043408606732
28.5	3.7043408606732
29	3.30184844915587
29.5	3.30184844915587
30.0	3.30184844915587
30.5	3.30184844915587
31.0	3.30184844915587
31.5	3.30184844915587
32.0	3.30184844915587
32.5	3.30184844915587
33.0	3.30184844915587
33.5	3.30184844915587
34	3.7760529801324507
34.5	3.7760529801324507
35.0	3.7760529801324507
35.5	3.7760529801324507
36.0	3.7760529801324507
36.5	3.7760529801324507
37.0	3.7760529801324507
37.5	3.7760529801324507
38.0	3.7760529801324507
38.5	3.7760529801324507
39	3.9426051548624645
39.5	3.9426051548624645
40.0	3.9426051548624645
40.5	3.9426051548624645
41.0	3.9426051548624645
41.5	3.9426051548624645
42.0	3.9426051548624645
42.5	3.9426051548624645
43.0	3.9426051548624645
43.5	3.939880157170923
44.0	3.939880157170923
44.5	3.939880157170923
45.0	3.939880157170923
45.5	3.939880157170923
46.0	3.939880157170923
46.5	3.939880157170923
47.0	3.939880157170923
47.5	3.9354128552712697
48	3.935069469835466
48.5	3.935069469835466
49.0	3.935069469835466
49.5	3.935069469835466
50.0	3.935069469835466
50.5	3.935069469835466
51.0	3.935069469835466
51.5	3.935069469835466
52.0	3.935069469835466
52.5	3.8603818756585877
53.0	3.8603818756585877
53.5	3.8603818756585877
54.0	3.8603818756585877
54.5	3.8603818756585877
55.0	3.8603818756585877
55.5	3.8603818756585877
56.0	3.8603818756585877
56.5	3.8603818756585877
57	3.8293451442626236
57.5	3.8289788519637464
58.0	3.8289788519637464
58.5	3.8289788519637464
59.0	3.8289788519637464
59.5	3.8289788519637464
60.0	3.8289788519637464
60.5	3.8289788519637464
61.0	3.8289788519637464
61.5	3.9131735682819384
62.0	3.9131735682819384
62.5	3.9131735682819384
63.0	3.9131735682819384
63.5	3.9131735682819384
64.0	3.9131735682819384
64.5	3.9131735682819384
65.0	3.9131735682819384
65.5	3.9131735682819384
66	3.995610459034505
66.5	3.9967180912670837
67.0	3.9967180912670837
67.5	3.9967180912670837
68.0	3.9967180912670837
68.5	3.9967180912670837
69.0	3.9967180912670837
69.5	3.9967180912670837
70.0	3.9967180912670837
70.5	3.9771347794296856
71.0	3.9771347794296856
71.5	3.9771347794296856
72.0	3.9771347794296856
72.5	3.9771347794296856
73.0	3.9771347794296856
73.5	3.9771347794296856
74.0	3.9771347794296856
74.5	3.9771347794296856
75	3.9572163636363635
75.5	3.9572163636363635
76.0	3.9572163636363635
76.5	3.9572163636363635
77.0	3.9572163636363635
77.5	3.9572163636363635
78.0	3.9572163636363635
78.5	3.9572163636363635
79.0	3.9572163636363635
79.5	3.9786121212121213
80.0	3.9786121212121213
80.5	3.75720854825403
81	3.743790149892934
81.5	3.743790149892934
82.0	3.743790149892934
82.5	3.3965995271867615
83.0	3.3965995271867615
83.5	3.3965995271867615
84.0	3.3965995271867615
84.5	3.3965995271867615
85	3.3850910789350768
85.5	3.3850910789350768
86.0	3.3850910789350768
86.5	3.3850910789350768
87	3.3935350669818756
87.5	3.3935350669818756
88.0	3.3935350669818756
88.5	3.3935350669818756
89.0	3.3935350669818756
89.5	3.396179171332587
90.0	3.396179171332587
90.5	3.396179171332587
91.0	3.396179171332587
91.5	3.540666060054595
92.0	3.540666060054595
92.5	3.540666060054595
93.0	3.540666060054595
93.5	3.540666060054595
94	4.114334600760456
94.5	4.114334600760456
95.0	4.114334600760456
95.5	4.114334600760456
96.0	4.114334600760456
96.5	4.114334600760456
97.0	4.114334600760456
97.5	4.114334600760456
98	4.124309343742376
98.5	4.124309343742376
99.0	4.124309343742376
99.5	4.124309343742376
100.0	4.124309343742376
100.5	4.124309343742376
101.0	4.124309343742376
101.5	4.124309343742376
102.0	4.124309343742376
102.5	4.185826065773448
103.0	4.185826065773448
103.5	4.185826065773448
104.0	4.185826065773448
104.5	4.185826065773448
105.0	4.185826065773448
105.5	4.185826065773448
106.0	4.185826065773448
106.5	4.188432974910395
107.0	4.188432974910395
107.5	4.188432974910395
108.0	4.188432974910395
108.5	4.188432974910395
109.0	4.188432974910395
109.5	4.188432974910395
110.0	4.188432974910395
110.5	3.958382077986552
111	3.9520604882263988
111.5	3.9520604882263988
112.0	3.9520604882263988
112.5	3.9520604882263988
113.0	3.9520604882263988
113.5	3.9520604882263988
114.0	3.9520604882263988
114.5	3.9520604882263988
115.0	3.9520604882263988
115.5	3.9483096663815225
116.0	3.9483096663815225
116.5	3.9483096663815225
117.0	3.9483096663815225
117.5	3.9483096663815225
118.0	3.9483096663815225
118.5	3.9483096663815225
119.0	3.9483096663815225
119.5	3.9483096663815225
120	3.9289606687160306
120.5	3.928443426477325
121.0	3.928443426477325
121.5	3.928443426477325
122.0	3.928443426477325
122.5	3.928443426477325
123.0	3.928443426477325
123.5	3.928443426477325
124.0	3.928443426477325
124.5	3.9259541807832266
125	3.9259325153374234
125.5	3.9259325153374234
126.0	3.9259325153374234
126.5	3.9259325153374234
127.0	3.9259325153374234
127.5	3.9259325153374234
128.0	3.9259325153374234
128.5	4.0606287712770275
129	4.070063018242123
129.5	4.070063018242123
130.0	4.070063018242123
130.5	4.070063018242123
131.0	4.070063018242123
131.5	4.070063018242123
132.0	4.070063018242123
132.5	4.070063018242123
133	4.103854329839878
133.5	4.104582832411637
134.0	4.104582832411637
134.5	4.104582832411637
135.0	4.104582832411637
135.5	4.104582832411637
136.0	4.104582832411637
136.5	4.104582832411637
137.0	4.104582832411637
137.5	4.169247207382225
138.0	4.169247207382225
138.5	4.169247207382225
139.0	4.169247207382225
139.5	4.169247207382225
140.0	4.169247207382225
140.5	4.169247207382225
141.0	4.169247207382225
141.5	4.225432865731463
142.0	4.225432865731463
142.5	4.225432865731463
143.0	4.225432865731463
143.5	4.225432865731463
144.0	4.225432865731463
144.5	4.225432865731463
145.0	4.225432865731463
145.5	4.207625561945536
146	4.207166104959076
146.5	4.207166104959076
147.0	4.207166104959076
147.5	4.207166104959076
148.0	4.207166104959076
148.5	4.207166104959076
149.0	4.207166104959076
149.5	4.207166104959076
150	4.189393879565647
150.5	4.189393879565647
151.0	4.189393879565647
151.5	4.189393879565647
152.0	4.189393879565647
152.5	4.189393879565647
153.0	4.189393879565647
153.5	4.189393879565647
154	4.221834958382877
154.5	4.221834958382877
155.0	4.221834958382877
155.5	4.221834958382877
156.0	4.221834958382877
156.5	4.221834958382877
157.0	4.221834958382877
157.5	4.221834958382877
158.0	4.221834958382877
158.5	4.294997473471451
159.0	4.294997473471451
159.5	4.294997473471451
160.0	4.294997473471451
160.5	4.294997473471451
161.0	4.294997473471451
161.5	4.294997473471451
162.0	4.294997473471451
162.5	4.272954826438421
163.0	4.272954826438421
163.5	4.272954826438421
164.0	4.272954826438421
164.5	4.272954826438421
165.0	4.272954826438421
165.5	4.272954826438421
166.0	4.272954826438421
166.5	4.026892032579408
167	4.0105112474437625
167.5	4.0105112474437625
168.0	4.0105112474437625
168.5	4.0105112474437625
169.0	4.0105112474437625
169.5	4.0105112474437625
170.0	4.0105112474437625
170.5	4.0105112474437625
171	4.011190321079572
171.5	4.011190321079572
172.0	4.011190321079572
172.5	4.011190321079572
173.0	4.011190321079572
173.5	4.011190321079572
174.0	4.011190321079572
174.5	4.011190321079572
175.0	4.011190321079572
175.5	4.155530434782609
176.0	4.155530434782609
176.5	4.155530434782609
177.0	4.155530434782609
177.5	4.155530434782609
