0	1.6124257206208426
0.5	1.6124257206208426
1	1.6217366534571993
1.5	1.6227379400260757
2	1.6215304347826085
2.5	1.6215304347826085
3	1.7587779349363506
3.5	3.247151922574884
4	2.9170668517666836
4.5	2.7658454898575746
5.0	2.7658454898575746
5.5	2.7658454898575746
6.0	2.7658454898575746
6.5	3.8247729672650475
7.0	3.8247729672650475
7.5	3.8247729672650475
8.0	3.8247729672650475
8.5	3.9132361623616236
9.0	3.9132361623616236
9.5	3.9132361623616236
10.0	3.9132361623616236
10.5	3.9132361623616236
11	4.10509265944645
11.5	4.10509265944645
12.0	4.10509265944645
12.5	4.663694705724268
13.0	4.663694705724268
13.5	4.663694705724268
14.0	4.663694705724268
14.5	4.663694705724268
15.0	4.663694705724268
15.5	4.663694705724268
16.0	4.663694705724268
16.5	5.846730329522528
17.0	5.846730329522528
17.5	5.846730329522528
18.0	5.846730329522528
18.5	5.846730329522528
19.0	5.846730329522528
19.5	5.159391411042945
20.0	5.159391411042945
20.5	5.159391411042945
21.0	5.159391411042945
21.5	5.159391411042945
22.0	5.159391411042945
22.5	3.8856240932072983
23.0	3.8856240932072983
23.5	3.8856240932072983
24.0	3.8856240932072983
24.5	3.8856240932072983
25.0	3.8856240932072983
25.5	3.8856240932072983
26.0	3.8856240932072983
26.5	3.8856240932072983
27	2.9664251300513023
27.5	2.955513557395681
28.0	2.955513557395681
28.5	2.955513557395681
29.0	2.955513557395681
29.5	2.955513557395681
30.0	2.955513557395681
30.5	2.955513557395681
31.0	2.955513557395681
31.5	2.955513557395681
32.0	2.955513557395681
32.5	2.955513557395681
33.0	2.955513557395681
33.5	2.4915657710824664
34.0	2.4915657710824664
34.5	2.4915657710824664
35.0	2.4915657710824664
35.5	2.4915657710824664
36.0	2.4915657710824664
36.5	2.4915657710824664
37.0	2.4915657710824664
37.5	2.4915657710824664
38.0	2.4915657710824664
38.5	2.4915657710824664
39.0	2.4915657710824664
39.5	2.4915657710824664
40	2.428411225497109
40.5	2.428411225497109
41.0	2.428411225497109
41.5	2.428411225497109
42.0	2.428411225497109
42.5	2.428411225497109
43.0	2.428411225497109
43.5	2.428411225497109
44.0	2.428411225497109
44.5	2.428411225497109
45.0	2.428411225497109
45.5	2.428411225497109
46.0	2.428411225497109
46.5	2.428411225497109
47	1.9880086824397656
47.5	1.9880086824397656
48.0	1.9880086824397656
48.5	1.9880086824397656
49.0	1.9880086824397656
49.5	1.9880086824397656
50.0	1.9880086824397656
50.5	1.9880086824397656
51.0	1.9880086824397656
51.5	1.9880086824397656
52.0	1.9880086824397656
52.5	1.9880086824397656
53.0	1.9880086824397656
53.5	1.9880086824397656
54.0	1.9880086824397656
54.5	1.9880086824397656
55.0	1.9880086824397656
55.5	1.9880086824397656
56.0	1.9880086824397656
56.5	1.5624502756339582
57.0	1.5624502756339582
57.5	1.5624502756339582
58.0	1.5624502756339582
58.5	1.5624502756339582
59.0	1.5624502756339582
59.5	1.5624502756339582
60.0	1.5624502756339582
60.5	1.5624502756339582
61	2.397349514563107
61.5	2.397349514563107
62.0	2.397349514563107
62.5	2.397349514563107
63.0	2.397349514563107
63.5	2.397349514563107
64.0	2.397349514563107
64.5	2.0380694980694978
65.0	2.0380694980694978
65.5	2.0380694980694978
66.0	2.0380694980694978
66.5	2.0380694980694978
67.0	2.0380694980694978
67.5	2.0380694980694978
68	2.021777777777778
68.5	2.021777777777778
69.0	2.021777777777778
69.5	2.021777777777778
70.0	2.021777777777778
70.5	2.021777777777778
71.0	2.021777777777778
71.5	2.035388570765304
72	2.035654768247203
72.5	2.035654768247203
73.0	2.035654768247203
73.5	2.035654768247203
74.0	2.035654768247203
74.5	2.035654768247203
75.0	2.035654768247203
75.5	1.9511735953640716
76.0	1.9511735953640716
76.5	1.9511735953640716
77.0	1.9511735953640716
77.5	1.9511735953640716
78.0	1.9511735953640716
78.5	1.9511735953640716
79.0	1.9511735953640716
79.5	1.9952639087018544
80.0	1.9952639087018544
80.5	1.9952639087018544
81.0	1.9952639087018544
81.5	1.9952639087018544
82.0	1.9952639087018544
82.5	1.9952639087018544
83	2.2914663176105403
83.5	2.29881856
84.0	2.29881856
84.5	2.29881856
85.0	2.29881856
85.5	2.29881856
86.0	2.29881856
86.5	2.549236721772775
87.0	2.549236721772775
87.5	2.549236721772775
88.0	2.549236721772775
88.5	2.549236721772775
89.0	2.549236721772775
89.5	3.4687039871123644
90.0	3.4687039871123644
90.5	3.4687039871123644
91.0	3.4687039871123644
91.5	3.4687039871123644
92	3.6342576393049733
92.5	3.6342576393049733
93.0	3.6342576393049733
93.5	3.6342576393049733
94	3.3719168110918543
94.5	3.3719168110918543
95.0	3.3719168110918543
95.5	3.3719168110918543
96	3.2267261968081575
96.5	3.2204983498349833
97.0	3.2204983498349833
97.5	3.2204983498349833
98.0	3.2204983498349833
98.5	3.1117864126231876
99	3.108288256227758
99.5	3.108288256227758
100.0	3.108288256227758
100.5	3.108288256227758
101	2.5200079207920796
101.5	2.5200079207920796
102.0	2.5200079207920796
102.5	2.5200079207920796
103.0	2.5200079207920796
103.5	2.5200079207920796
104	3.438803302574065
104.5	3.438803302574065
105.0	3.438803302574065
105.5	3.438803302574065
106	3.736253430202458
106.5	3.74188750255676
107.0	3.74188750255676
107.5	3.74188750255676
108.0	3.74188750255676
108.5	3.74188750255676
109.0	3.74188750255676
109.5	3.74188750255676
110.0	3.74188750255676
110.5	3.74188750255676
111	4.782584118260908
111.5	4.806637854725332
112.0	4.806637854725332
112.5	4.806637854725332
113.0	4.806637854725332
113.5	4.806637854725332
114.0	4.806637854725332
114.5	4.806637854725332
115	4.291114335751814
115.5	4.291114335751814
116.0	4.291114335751814
116.5	4.291114335751814
117.0	4.291114335751814
117.5	4.291114335751814
118.0	4.291114335751814
118.5	4.291114335751814
119	3.2657917740588718
119.5	3.2380872865275143
120.0	3.2380872865275143
120.5	3.2380872865275143
121.0	3.2380872865275143
121.5	3.2380872865275143
122.0	3.2380872865275143
122.5	3.2380872865275143
123.0	3.2380872865275143
123.5	3.2380872865275143
124	2.8666337393625896
124.5	2.8666337393625896
125.0	2.8666337393625896
125.5	2.8666337393625896
126.0	2.8666337393625896
126.5	2.8666337393625896
127.0	2.8666337393625896
127.5	2.8666337393625896
128.0	2.8666337393625896
128.5	2.8666337393625896
129.0	2.8666337393625896
129.5	2.8666337393625896
130	2.48088359250109
130.5	2.48088359250109
131.0	2.48088359250109
131.5	2.48088359250109
132.0	2.48088359250109
132.5	2.48088359250109
133.0	2.48088359250109
133.5	2.48088359250109
134.0	2.48088359250109
134.5	2.48088359250109
135.0	2.48088359250109
135.5	2.48088359250109
136.0	2.48088359250109
136.5	2.48088359250109
137	2.6320650007665187
137.5	2.6320650007665187
138.0	2.6320650007665187
138.5	2.6320650007665187
139.0	2.6320650007665187
139.5	2.6320650007665187
140.0	2.6320650007665187
140.5	2.6320650007665187
141.0	2.6320650007665187
141.5	2.6320650007665187
142.0	2.6320650007665187
142.5	2.6320650007665187
143.0	2.6320650007665187
143.5	4.566007889750615
144	4.586168569874933
144.5	4.586168569874933
145.0	4.586168569874933
145.5	4.586168569874933
146.0	4.586168569874933
146.5	4.586168569874933
147.0	4.586168569874933
147.5	3.295192502915664
148	3.18392566952086
148.5	3.18392566952086
149.0	3.18392566952086
149.5	3.18392566952086
150.0	3.18392566952086
150.5	3.18392566952086
151.0	3.18392566952086
151.5	3.18392566952086
152.0	3.18392566952086
152.5	3.18392566952086
153	2.0717910567717546
153.5	2.046464617239301
154.0	2.046464617239301
154.5	2.046464617239301
155.0	2.046464617239301
155.5	2.046464617239301
156.0	2.046464617239301
156.5	2.046464617239301
157.0	2.046464617239301
157.5	2.046464617239301
158.0	2.046464617239301
158.5	2.046464617239301
159.0	2.046464617239301
159.5	2.046464617239301
160.0	2.046464617239301
160.5	2.046464617239301
161.0	2.046464617239301
161.5	2.3831286736652624
162	2.387917866993564
162.5	2.387917866993564
163.0	2.387917866993564
163.5	2.387917866993564
164.0	2.387917866993564
164.5	2.387917866993564
165	2.591000337723742
165.5	2.591000337723742
166.0	2.591000337723742
166.5	2.591000337723742
167.0	2.591000337723742
167.5	2.591000337723742
168	2.5491602855288775
168.5	2.5491602855288775
169.0	2.5491602855288775
169.5	2.5491602855288775
170.0	2.5491602855288775
170.5	2.5491602855288775
171.0	2.5491602855288775
171.5	2.212330226364847
172.0	2.212330226364847
172.5	2.212330226364847
173.0	2.212330226364847
173.5	2.212330226364847
174.0	2.212330226364847
174.5	2.1687892376681615
175.0	2.1687892376681615
175.5	2.1687892376681615
176.0	2.1687892376681615
176.5	2.1687892376681615
177.0	2.1687892376681615
177.5	2.256617993405558
178.0	2.256617993405558
178.5	2.256617993405558
179.0	2.256617993405558
179.5	2.256617993405558
