0	1.898704960835509
0.5	1.898704960835509
1	1.9177812018489986
1.5	1.9177812018489986
2	1.9191355060034305
2.5	1.9189135802469137
3	1.8884147281594674
3.5	1.8857319587628865
4.0	1.8857319587628865
4.5	1.8857319587628865
5	1.8800903342366757
5.5	1.8800903342366757
6.0	1.8800903342366757
6.5	1.8800903342366757
7.0	1.8800903342366757
7.5	3.8046848739495798
8.0	3.8046848739495798
8.5	3.8046848739495798
9.0	3.8046848739495798
9.5	4.558783449758194
10.0	4.558783449758194
10.5	4.558783449758194
11	3.074782128236272
11.5	3.0428852701702445
12.0	3.0428852701702445
12.5	3.0428852701702445
13.0	3.0428852701702445
13.5	3.0428852701702445
14.0	3.0428852701702445
14.5	3.0428852701702445
15.0	3.0428852701702445
15.5	3.0428852701702445
16.0	3.0428852701702445
16.5	3.818305093215689
17	3.832510600706714
17.5	3.832510600706714
18.0	3.832510600706714
18.5	3.832510600706714
19.0	3.832510600706714
19.5	3.832510600706714
20.0	3.832510600706714
20.5	3.832510600706714
21.0	3.832510600706714
21.5	2.116122185712547
22.0	2.116122185712547
22.5	2.116122185712547
23.0	2.116122185712547
23.5	2.116122185712547
24.0	2.116122185712547
24.5	2.116122185712547
25.0	2.116122185712547
25.5	2.116122185712547
26.0	2.116122185712547
26.5	2.116122185712547
27.0	2.116122185712547
27.5	2.116122185712547
28.0	2.116122185712547
28.5	2.116122185712547
29.0	2.116122185712547
29.5	1.581090909090909
30.0	1.581090909090909
30.5	1.581090909090909
31.0	1.581090909090909
31.5	1.581090909090909
32.0	1.581090909090909
32.5	1.581090909090909
33.0	1.581090909090909
33.5	1.581090909090909
34.0	1.581090909090909
34.5	1.5970499683744466
35.0	1.5970499683744466
35.5	1.5970499683744466
36.0	1.5970499683744466
36.5	1.5970499683744466
37.0	1.5970499683744466
37.5	1.5970499683744466
38.0	1.5970499683744466
38.5	1.5970499683744466
39	1.6717
39.5	1.6717
40.0	1.6717
40.5	1.6717
41.0	1.6717
41.5	1.6717
42.0	1.6717
42.5	1.6717
43.0	1.6717
43.5	1.6717
44	1.6222195091601381
44.5	1.6189773399014777
45.0	1.6189773399014777
45.5	1.6189773399014777
46.0	1.6189773399014777
46.5	1.6189773399014777
47.0	1.6189773399014777
47.5	1.6189773399014777
48.0	1.6189773399014777
48.5	1.4827062838787393
49.0	1.4827062838787393
49.5	1.4827062838787393
50.0	1.4827062838787393
50.5	1.4827062838787393
51.0	1.4827062838787393
51.5	1.4827062838787393
52.0	1.4827062838787393
52.5	1.4827062838787393
53.0	1.4827062838787393
53.5	1.517580847723705
54.0	1.517580847723705
54.5	1.517580847723705
55.0	1.517580847723705
55.5	1.517580847723705
56.0	1.517580847723705
56.5	1.517580847723705
57.0	1.517580847723705
57.5	1.517580847723705
58.0	1.517580847723705
58.5	1.517580847723705
59	1.6794766532353638
59.5	1.6794766532353638
60.0	1.6794766532353638
60.5	1.6794766532353638
61.0	1.6794766532353638
61.5	1.6794766532353638
62.0	1.6794766532353638
62.5	1.6794766532353638
63	1.647896558915537
63.5	1.647896558915537
64.0	1.647896558915537
64.5	1.647896558915537
65.0	1.647896558915537
65.5	1.647896558915537
66.0	1.647896558915537
66.5	1.647896558915537
67.0	1.647896558915537
67.5	1.647896558915537
68	1.601308775731311
68.5	1.601308775731311
69.0	1.601308775731311
69.5	1.601308775731311
70.0	1.601308775731311
70.5	1.601308775731311
71.0	1.601308775731311
71.5	1.601308775731311
72.0	1.601308775731311
72.5	1.6676951490882466
73	1.6688890968647636
73.5	1.6688890968647636
74.0	1.6688890968647636
74.5	1.6688890968647636
75.0	1.6688890968647636
75.5	1.6688890968647636
76.0	1.6688890968647636
76.5	1.6688890968647636
77	1.5544849471114728
77.5	1.5544849471114728
78.0	1.5544849471114728
78.5	1.5544849471114728
79.0	1.5544849471114728
79.5	1.5544849471114728
80.0	1.5544849471114728
80.5	1.5544849471114728
81.0	1.5544849471114728
81.5	1.5544849471114728
82	1.5039174311926606
82.5	1.5039174311926606
83	1.5168484848484847
83.5	1.5168484848484847
84	1.509038560411311
84.5	1.509038560411311
85	1.6827211516136522
85.5	1.6827211516136522
86.0	1.6827211516136522
86.5	1.6827211516136522
87.0	1.6827211516136522
87.5	1.6827211516136522
88.0	1.6827211516136522
88.5	1.6827211516136522
89	1.6271495956272397
89.5	1.6259754578063055
90.0	1.6259754578063055
90.5	1.6259754578063055
91.0	1.6259754578063055
91.5	1.6259754578063055
92.0	1.6259754578063055
92.5	1.6259754578063055
93.0	1.6259754578063055
93.5	1.6259754578063055
94.0	1.6259754578063055
94.5	1.5584727646454264
95.0	1.5584727646454264
95.5	1.5584727646454264
96.0	1.5584727646454264
96.5	1.5584727646454264
97.0	1.5584727646454264
97.5	1.5584727646454264
98.0	1.5584727646454264
98.5	1.414464558342421
99.0	1.414464558342421
99.5	1.414464558342421
100.0	1.414464558342421
100.5	1.414464558342421
101.0	1.414464558342421
101.5	1.414464558342421
102.0	1.414464558342421
102.5	1.414464558342421
103.0	1.414464558342421
103.5	1.414464558342421
104	1.4819164121064787
104.5	1.4832772183165497
105.0	1.4832772183165497
105.5	1.4832772183165497
106.0	1.4832772183165497
106.5	1.4832772183165497
107.0	1.4832772183165497
107.5	1.4832772183165497
108.0	1.4832772183165497
108.5	1.4832772183165497
109.0	1.4832772183165497
109.5	1.6581471286188894
110.0	1.6581471286188894
110.5	1.6581471286188894
111.0	1.6581471286188894
111.5	1.6581471286188894
112.0	1.6581471286188894
112.5	1.6581471286188894
113.0	1.6581471286188894
113.5	1.6581471286188894
114	1.65130276816609
114.5	1.65130276816609
115.0	1.65130276816609
115.5	1.65130276816609
116.0	1.65130276816609
116.5	1.65130276816609
117.0	1.65130276816609
117.5	1.65130276816609
118.0	1.65130276816609
118.5	1.590050752301819
119.0	1.590050752301819
119.5	1.590050752301819
120.0	1.590050752301819
120.5	1.590050752301819
121.0	1.590050752301819
121.5	1.590050752301819
122.0	1.590050752301819
122.5	1.590050752301819
123	1.7139055526725482
123.5	1.7139055526725482
124.0	1.7139055526725482
124.5	1.7139055526725482
125	1.7131361452215697
125.5	1.7131361452215697
126.0	1.7131361452215697
126.5	1.7131361452215697
127	1.6871489961253963
127.5	1.6871489961253963
128.0	1.6871489961253963
128.5	1.6871489961253963
129.0	1.6871489961253963
129.5	1.6871489961253963
130	1.7233144208037825
130.5	1.7233144208037825
131.0	1.7233144208037825
131.5	1.7233144208037825
132.0	1.7233144208037825
132.5	1.7233144208037825
133.0	1.7233144208037825
133.5	1.7213883539660706
134.0	1.7213883539660706
134.5	1.7213883539660706
135.0	1.7213883539660706
135.5	1.7213883539660706
136.0	1.7213883539660706
136.5	1.7213883539660706
137.0	1.7213883539660706
137.5	1.7213883539660706
138	1.7168918280585734
138.5	1.7168918280585734
139.0	1.7168918280585734
139.5	1.7168918280585734
140.0	1.7168918280585734
140.5	1.7168918280585734
141.0	1.7168918280585734
141.5	1.7168918280585734
142.0	1.7168918280585734
142.5	1.686591753511554
143.0	1.686591753511554
143.5	1.686591753511554
144.0	1.686591753511554
144.5	1.686591753511554
145.0	1.686591753511554
145.5	1.686591753511554
146.0	1.686591753511554
146.5	1.686591753511554
147	1.680763582966226
147.5	1.680763582966226
148.0	1.680763582966226
148.5	1.680763582966226
149.0	1.680763582966226
149.5	1.680763582966226
150.0	1.680763582966226
150.5	1.680763582966226
151	1.520215053763441
151.5	1.520215053763441
152.0	1.520215053763441
152.5	1.520215053763441
153.0	1.520215053763441
153.5	1.520215053763441
154.0	1.520215053763441
154.5	1.520215053763441
155.0	1.520215053763441
155.5	1.520215053763441
156.0	1.520215053763441
156.5	1.6761323877068557
157.0	1.6761323877068557
157.5	1.6761323877068557
158.0	1.6761323877068557
158.5	1.6761323877068557
159.0	1.6761323877068557
159.5	1.6761323877068557
160.0	1.6761323877068557
160.5	1.6761323877068557
161	1.6348669744020141
161.5	1.6348669744020141
162.0	1.6348669744020141
162.5	1.6348669744020141
163.0	1.6348669744020141
163.5	1.6348669744020141
164.0	1.6348669744020141
164.5	1.6348669744020141
165.0	1.6348669744020141
165.5	1.646620434708405
166	1.6474021902512348
166.5	1.6474021902512348
167.0	1.6474021902512348
167.5	1.6474021902512348
168.0	1.6474021902512348
168.5	1.6474021902512348
169.0	1.6474021902512348
169.5	1.6474021902512348
170.0	1.6474021902512348
170.5	1.664867980504344
171.0	1.664867980504344
171.5	1.664867980504344
172.0	1.664867980504344
172.5	1.664867980504344
173.0	1.664867980504344
173.5	1.664867980504344
174.0	1.664867980504344
174.5	1.664867980504344
175.0	1.664867980504344
175.5	1.5383888888888888
176.0	1.5383888888888888
176.5	1.5383888888888888
177.0	1.5383888888888888
177.5	1.5383888888888888
178.0	1.5383888888888888
178.5	1.5383888888888888
179.0	1.5383888888888888
179.5	1.5383888888888888
180	1.4825109144542774
180.5	1.4825109144542774
181.0	1.4825109144542774
181.5	1.7265025295109613
182.0	1.7265025295109613
182.5	1.7265025295109613
