0	2.974249488752556
0.5	2.974249488752556
1	2.999132530120482
1.5	2.9073261175180063
2	2.8782606013878183
2.5	2.8782606013878183
3.0	2.8782606013878183
3.5	2.8782606013878183
4.0	2.8782606013878183
4.5	3.06692
5.0	3.06692
5.5	3.06692
6.0	3.06692
6.5	3.06692
7	3.6715470508412955
7.5	3.6936391930835732
8.0	3.6936391930835732
8.5	3.6936391930835732
9	3.907292340884574
9.5	3.907292340884574
10.0	3.907292340884574
10.5	3.907292340884574
11	3.7015253054101223
11.5	3.7015253054101223
12.0	3.7015253054101223
12.5	3.7015253054101223
13.0	3.7015253054101223
13.5	3.247341266063779
14.0	3.247341266063779
14.5	3.247341266063779
15.0	3.247341266063779
15.5	3.718771108850458
16.0	3.718771108850458
16.5	3.718771108850458
17.0	3.718771108850458
17.5	3.7833281114012185
18.0	3.7833281114012185
18.5	3.7833281114012185
19.0	3.7833281114012185
19.5	3.7833281114012185
20.0	3.7833281114012185
20.5	3.7833281114012185
21.0	3.7833281114012185
21.5	3.7833281114012185
22	3.8175489960337887
22.5	3.8183010215664015
23.0	3.8183010215664015
23.5	3.8183010215664015
24.0	3.8183010215664015
24.5	3.8183010215664015
25.0	3.8183010215664015
25.5	3.8183010215664015
26.0	3.8183010215664015
26.5	3.924812825030066
27	3.9270615418795822
27.5	3.9270615418795822
28.0	3.9270615418795822
28.5	3.9270615418795822
29.0	3.9270615418795822
29.5	3.9270615418795822
30.0	3.9270615418795822
30.5	3.9270615418795822
31.0	3.9270615418795822
31.5	4.225396471680594
32.0	4.225396471680594
32.5	4.225396471680594
33.0	4.225396471680594
33.5	4.225396471680594
34.0	4.225396471680594
34.5	4.225396471680594
35.0	4.225396471680594
35.5	4.436007466512933
36	4.440407417658456
36.5	4.440407417658456
37.0	4.440407417658456
37.5	4.440407417658456
38.0	4.440407417658456
38.5	4.440407417658456
39.0	4.440407417658456
39.5	4.3583558592761324
40.0	4.3583558592761324
40.5	4.3583558592761324
41.0	4.3583558592761324
41.5	4.3583558592761324
42.0	4.3583558592761324
42.5	4.3583558592761324
43.0	4.3583558592761324
43.5	4.13581214721156
44.0	4.13581214721156
44.5	4.13581214721156
45.0	4.13581214721156
45.5	4.13581214721156
46.0	4.13581214721156
46.5	4.13581214721156
47.0	4.13581214721156
47.5	4.13581214721156
48	4.531379537953795
48.5	4.531379537953795
49.0	4.531379537953795
49.5	4.531379537953795
50.0	4.531379537953795
50.5	4.531379537953795
51.0	4.531379537953795
51.5	4.465042820271254
52	4.4604087371328145
52.5	4.4604087371328145
53.0	4.4604087371328145
53.5	4.4604087371328145
54.0	4.4604087371328145
54.5	4.4604087371328145
55.0	4.4604087371328145
55.5	4.4604087371328145
56	4.394761079979623
56.5	4.394761079979623
57.0	4.394761079979623
57.5	4.394761079979623
58.0	4.394761079979623
58.5	4.394761079979623
59.0	4.394761079979623
59.5	4.394761079979623
60	4.3654852862493305
60.5	4.3654852862493305
61.0	4.3654852862493305
61.5	4.3654852862493305
62.0	4.3654852862493305
62.5	4.3654852862493305
63.0	4.3654852862493305
63.5	4.265019083871565
64	4.2634064642507346
64.5	4.2634064642507346
65.0	4.2634064642507346
65.5	4.2634064642507346
66.0	4.2634064642507346
66.5	4.2634064642507346
67.0	4.2634064642507346
67.5	4.2634064642507346
68	4.259838926174497
68.5	4.259838926174497
69.0	4.259838926174497
69.5	4.259838926174497
70.0	4.259838926174497
70.5	4.259838926174497
71.0	4.259838926174497
71.5	4.259838926174497
72	4.249939884449408
72.5	4.249636174636175
73.0	4.249636174636175
73.5	4.249636174636175
74.0	4.249636174636175
74.5	4.249636174636175
75.0	4.249636174636175
75.5	4.249636174636175
76	4.260672187043351
76.5	4.260672187043351
77.0	4.260672187043351
77.5	4.260672187043351
78.0	4.260672187043351
78.5	4.260672187043351
79.0	4.260672187043351
79.5	4.260672187043351
80.0	4.260672187043351
80.5	4.3362121524201855
81.0	4.3362121524201855
81.5	4.3362121524201855
82.0	4.3362121524201855
82.5	4.3362121524201855
83.0	4.3362121524201855
83.5	4.3362121524201855
84	4.334962766056077
84.5	4.334925130061072
85.0	4.334925130061072
85.5	4.334925130061072
86.0	4.334925130061072
86.5	4.334925130061072
87.0	4.334925130061072
87.5	4.334925130061072
88.0	4.334925130061072
88.5	4.334925130061072
89	4.334171428571429
89.5	4.334171428571429
90.0	4.334171428571429
90.5	4.334171428571429
91.0	4.334171428571429
91.5	4.334171428571429
92.0	4.334171428571429
92.5	4.137624341364777
93	4.133844589687727
93.5	4.133844589687727
94.0	4.133844589687727
94.5	4.133844589687727
95.0	4.133844589687727
95.5	4.133844589687727
96.0	4.133844589687727
96.5	4.133844589687727
97	3.5125015216068167
97.5	3.5125015216068167
98.0	3.5125015216068167
98.5	3.5125015216068167
99.0	3.5125015216068167
99.5	3.5125015216068167
100.0	3.5125015216068167
100.5	3.5125015216068167
101.0	3.5125015216068167
101.5	3.5125015216068167
102	3.568075981426762
102.5	3.568075981426762
103.0	3.568075981426762
103.5	3.568075981426762
104.0	3.568075981426762
104.5	3.568075981426762
105.0	3.568075981426762
105.5	3.568075981426762
106.0	3.568075981426762
106.5	4.1706876130826185
107	4.1787003891050585
107.5	4.1787003891050585
108.0	4.1787003891050585
108.5	4.1787003891050585
109.0	4.1787003891050585
109.5	4.1787003891050585
110.0	4.1787003891050585
110.5	4.1787003891050585
111	4.062246118192352
111.5	4.062246118192352
112.0	4.062246118192352
112.5	4.062246118192352
113.0	4.062246118192352
113.5	4.062246118192352
114.0	4.062246118192352
114.5	4.062246118192352
115.0	4.062246118192352
115.5	2.6773142104492904
116.0	2.6773142104492904
116.5	2.6773142104492904
117.0	2.6773142104492904
117.5	2.6773142104492904
118.0	2.6773142104492904
118.5	2.6773142104492904
119.0	2.6773142104492904
119.5	2.6773142104492904
120.0	2.6773142104492904
120.5	2.6773142104492904
121.0	2.6773142104492904
121.5	2.6773142104492904
122	2.7107290370682864
122.5	2.7110566813509545
123.0	2.7110566813509545
123.5	2.7110566813509545
124.0	2.7110566813509545
124.5	2.7110566813509545
125.0	2.7110566813509545
125.5	2.7110566813509545
126.0	2.7110566813509545
126.5	2.7110566813509545
127.0	2.7110566813509545
127.5	2.7110566813509545
128.0	2.7110566813509545
128.5	2.7110566813509545
129	4.093859829059829
129.5	4.093859829059829
130.0	4.093859829059829
130.5	4.092418245614035
131.0	4.092418245614035
131.5	4.092418245614035
132	4.085253536452666
132.5	4.085253536452666
133.0	4.085253536452666
133.5	4.041879805150329
134	4.040463905325444
134.5	4.040463905325444
135.0	4.040463905325444
135.5	4.040463905325444
136.0	4.040463905325444
136.5	4.040463905325444
137.0	4.040463905325444
137.5	4.040463905325444
138	3.999291870486839
138.5	3.999291870486839
139.0	3.999291870486839
139.5	3.999291870486839
140.0	3.999291870486839
140.5	3.999291870486839
141.0	3.999291870486839
141.5	3.999291870486839
142.0	3.999291870486839
142.5	3.6236150375939853
143.0	3.6236150375939853
143.5	3.6236150375939853
144.0	3.6236150375939853
144.5	3.6236150375939853
145.0	3.6236150375939853
145.5	3.6236150375939853
146.0	3.6236150375939853
146.5	3.6236150375939853
147	3.4080670826833073
147.5	3.4080670826833073
148.0	3.4080670826833073
148.5	3.4080670826833073
149.0	3.4080670826833073
149.5	3.4080670826833073
150.0	3.4080670826833073
150.5	3.4080670826833073
151.0	3.4080670826833073
151.5	3.4080670826833073
152.0	3.4080670826833073
152.5	4.20913067195636
153.0	4.20913067195636
153.5	4.20913067195636
154.0	4.20913067195636
154.5	4.20913067195636
155.0	4.20913067195636
155.5	4.20913067195636
156.0	4.20913067195636
156.5	4.194899810964083
157.0	4.194899810964083
157.5	4.194899810964083
158.0	4.194899810964083
158.5	4.194899810964083
159.0	4.194899810964083
159.5	4.194899810964083
160.0	4.194899810964083
160.5	4.153982751121361
161	4.153334962130467
161.5	4.153334962130467
162.0	4.153334962130467
162.5	4.153334962130467
163.0	4.153334962130467
163.5	4.153334962130467
164.0	4.153334962130467
164.5	4.153334962130467
165	4.175661710037175
165.5	4.175661710037175
166.0	4.175661710037175
166.5	4.175661710037175
167.0	4.175661710037175
167.5	4.175661710037175
168.0	4.175661710037175
168.5	4.175661710037175
169.0	4.175661710037175
169.5	4.43070319118893
170.0	4.43070319118893
170.5	4.43070319118893
171.0	4.43070319118893
171.5	4.43070319118893
172.0	4.43070319118893
172.5	4.43070319118893
173	4.409231713554988
173.5	4.409231713554988
174.0	4.409231713554988
174.5	4.409231713554988
175.0	4.409231713554988
175.5	4.409231713554988
176.0	4.409231713554988
176.5	4.409231713554988
177	3.915761010583817
177.5	3.915761010583817
178.0	3.915761010583817
178.5	3.915761010583817
179.0	3.915761010583817
179.5	3.915761010583817
