0	1.440007920792079
0.5	1.440007920792079
1.0	1.440007920792079
1.5	1.4523220536756125
2	1.4481213706225726
2.5	1.4474204398447608
3	1.447542401771154
3.5	1.4475622817229337
4	1.4410878926758572
4.5	1.4400176211453746
5	1.448641299768043
5.5	1.4495150645624104
6	1.2402191405581235
6.5	1.2402191405581235
7.0	1.2402191405581235
7.5	1.2402191405581235
8.0	1.2402191405581235
8.5	1.2402191405581235
9.0	1.2402191405581235
9.5	1.2402191405581235
10.0	1.2402191405581235
10.5	1.2402191405581235
11.0	1.2402191405581235
11.5	1.2402191405581235
12	1.0958274347713768
12.5	1.0958274347713768
13.0	1.0958274347713768
13.5	1.0958274347713768
14.0	1.0958274347713768
14.5	1.0958274347713768
15.0	1.0958274347713768
15.5	1.0958274347713768
16.0	1.0958274347713768
16.5	1.0958274347713768
17.0	1.0958274347713768
17.5	1.0958274347713768
18.0	1.0958274347713768
18.5	1.0958274347713768
19.0	1.0958274347713768
19.5	1.0958274347713768
20	1.0345206974981047
20.5	1.0345206974981047
21.0	1.0345206974981047
21.5	1.0345206974981047
22.0	1.0345206974981047
22.5	1.0345206974981047
23.0	1.0345206974981047
23.5	1.0345206974981047
24.0	1.0345206974981047
24.5	1.0345206974981047
25.0	1.0345206974981047
25.5	1.0345206974981047
26.0	1.0345206974981047
26.5	1.0365949241457535
27.0	1.0365949241457535
27.5	1.0365949241457535
28.0	1.0365949241457535
28.5	1.0365949241457535
29.0	1.0365949241457535
29.5	1.0365949241457535
30.0	1.0365949241457535
30.5	1.0365949241457535
31.0	1.0365949241457535
31.5	1.0365949241457535
32.0	1.0365949241457535
32.5	1.0365949241457535
33.0	1.0365949241457535
33.5	1.1293661589002515
34	1.1313260219341974
34.5	1.1313260219341974
35	1.2851687242798355
35.5	1.2851687242798355
36	1.2847489589917427
36.5	1.2846833166833167
37.0	1.2846833166833167
37.5	1.2706661791590492
38.0	1.2706661791590492
38.5	1.2706661791590492
39.0	1.2706661791590492
39.5	1.2706661791590492
40	1.2000320427236315
40.5	1.2000320427236315
41.0	1.2000320427236315
41.5	1.2000320427236315
42.0	1.2000320427236315
42.5	1.0669016751638747
43.0	1.0669016751638747
43.5	1.0669016751638747
44.0	1.0669016751638747
44.5	1.0669016751638747
45	1.0207006829007514
45.5	1.0195902439024391
46.0	1.0195902439024391
46.5	1.0195902439024391
47.0	1.0195902439024391
47.5	1.0195902439024391
48.0	1.0195902439024391
48.5	1.0195902439024391
49.0	1.0195902439024391
49.5	1.0195902439024391
50.0	1.0195902439024391
50.5	1.0195902439024391
51.0	1.0195902439024391
51.5	1.0195902439024391
52.0	1.0195902439024391
52.5	1.0195902439024391
53	0.9828980441115273
53.5	0.9828980441115273
54.0	0.9828980441115273
54.5	0.9828980441115273
55.0	0.9828980441115273
55.5	0.9828980441115273
56.0	0.9828980441115273
56.5	0.9828980441115273
57.0	0.9828980441115273
57.5	0.9828980441115273
58.0	0.9828980441115273
58.5	0.9828980441115273
59.0	0.9828980441115273
59.5	0.9828980441115273
60	1.2948360679908668
60.5	1.297129411764706
61.0	1.297129411764706
61.5	0.9182455268389662
62.0	0.9182455268389662
62.5	0.9182455268389662
63.0	0.9182455268389662
63.5	0.9182455268389662
64.0	0.9182455268389662
64.5	0.9182455268389662
65.0	0.9182455268389662
65.5	0.9182455268389662
66.0	0.9182455268389662
66.5	0.9182455268389662
67.0	0.9182455268389662
67.5	0.9182455268389662
68.0	0.9182455268389662
68.5	0.9182455268389662
69.0	0.9182455268389662
69.5	0.9417523105360444
70.0	0.9417523105360444
70.5	0.9417523105360444
71.0	0.9417523105360444
71.5	0.9417523105360444
72.0	0.9417523105360444
72.5	0.9417523105360444
73.0	0.9417523105360444
73.5	0.9417523105360444
74.0	0.9417523105360444
74.5	0.9417523105360444
75.0	0.9417523105360444
75.5	0.9417523105360444
76.0	0.9417523105360444
76.5	0.9417523105360444
77	1.0168724117246757
77.5	1.018141935483871
78.0	1.018141935483871
78.5	1.018971250971251
79.0	1.018971250971251
79.5	1.018971250971251
80	0.9332880895826264
80.5	0.9332880895826264
81.0	0.9332880895826264
81.5	0.9332880895826264
82.0	0.9332880895826264
82.5	0.9332880895826264
83	0.9189990424513246
83.5	0.9189990424513246
84.0	0.9189990424513246
84.5	0.9189990424513246
85.0	0.9189990424513246
85.5	0.9189990424513246
86.0	0.9189990424513246
86.5	0.9202059981823689
87.0	0.9202059981823689
87.5	0.9202059981823689
88.0	0.9202059981823689
88.5	0.9202059981823689
89.0	0.9202059981823689
89.5	0.9202059981823689
90	0.9419933628318584
90.5	0.9419933628318584
91.0	0.9419933628318584
91.5	0.9419933628318584
92.0	0.9419933628318584
92.5	0.9419933628318584
93.0	0.9419933628318584
93.5	0.9462214650766609
94.0	0.9462214650766609
94.5	0.9462214650766609
95.0	0.9462214650766609
95.5	0.9462214650766609
96	0.9352315328467153
96.5	0.9352315328467153
97.0	0.9352315328467153
97.5	0.9352315328467153
98.0	0.9352315328467153
98.5	0.9352315328467153
99.0	0.9352315328467153
99.5	0.9229709151099551
100.0	0.9229709151099551
100.5	0.9229709151099551
101.0	0.9229709151099551
101.5	0.9229709151099551
102.0	0.9229709151099551
102.5	0.9229709151099551
103.0	0.9229709151099551
103.5	0.9229709151099551
104.0	0.9229709151099551
104.5	0.9229709151099551
105.0	0.9229709151099551
105.5	0.9229709151099551
106.0	0.9229709151099551
106.5	0.9229709151099551
107.0	0.9229709151099551
107.5	0.9229709151099551
108	0.9869254237288136
108.5	0.9869254237288136
109.0	0.9869254237288136
109.5	0.9869254237288136
110.0	0.9869254237288136
110.5	0.9869254237288136
111.0	0.9869254237288136
111.5	0.9869254237288136
112.0	0.9869254237288136
112.5	0.9869254237288136
113.0	0.9869254237288136
113.5	0.9869254237288136
114.0	0.9869254237288136
114.5	0.9869254237288136
115.0	0.9869254237288136
115.5	1.1702105747126437
116.0	1.1702105747126437
116.5	1.1702105747126437
117.0	1.1702105747126437
117.5	1.1702105747126437
118.0	1.1702105747126437
118.5	1.1702105747126437
119.0	1.1702105747126437
119.5	1.1702105747126437
120.0	1.1702105747126437
120.5	1.1702105747126437
121.0	1.1702105747126437
121.5	1.1702105747126437
122	1.167391480730223
122.5	1.167391480730223
123	0.8961973954763537
123.5	0.8961973954763537
124.0	0.8961973954763537
124.5	0.8216632302405499
125.0	0.8216632302405499
125.5	0.8216632302405499
126.0	0.8216632302405499
126.5	0.8232380952380952
127.0	0.8232380952380952
127.5	0.8232380952380952
128	0.8123196959412181
128.5	0.8112798483891346
129.0	0.8112798483891346
129.5	0.8112798483891346
130.0	0.8112798483891346
130.5	0.8112798483891346
131.0	0.8112798483891346
131.5	0.8938566131025958
132.0	0.8938566131025958
132.5	0.8938566131025958
133.0	0.8938566131025958
133.5	0.8938566131025958
134.0	0.8938566131025958
134.5	0.8938566131025958
135	1.0489639249639249
135.5	1.0489639249639249
136.0	1.0489639249639249
136.5	1.0489639249639249
137.0	1.0489639249639249
137.5	1.0489639249639249
138.0	1.0489639249639249
138.5	1.0489639249639249
139.0	1.0489639249639249
139.5	1.0489639249639249
140.0	1.0489639249639249
140.5	1.0489639249639249
141.0	1.0489639249639249
141.5	1.0489639249639249
142	1.384272220156192
142.5	1.384272220156192
143.0	1.384272220156192
143.5	1.384272220156192
144.0	1.384272220156192
144.5	1.384272220156192
145.0	1.384272220156192
145.5	1.384272220156192
146.0	1.384272220156192
146.5	1.384272220156192
147.0	1.384272220156192
147.5	0.9497441571013691
148.0	0.9497441571013691
148.5	0.9497441571013691
149.0	0.9497441571013691
149.5	0.9497441571013691
150.0	0.9497441571013691
150.5	0.9497441571013691
151.0	0.9497441571013691
151.5	0.9497441571013691
152.0	0.9497441571013691
152.5	0.9497441571013691
153.0	0.9497441571013691
153.5	0.9497441571013691
154.0	0.9497441571013691
154.5	1.0100116844818485
155	1.0107284604955011
155.5	1.0107284604955011
156.0	1.0107284604955011
156.5	1.0107284604955011
157.0	1.0107284604955011
157.5	1.0107284604955011
158.0	1.0107284604955011
158.5	1.0107284604955011
159.0	1.0107284604955011
159.5	1.0107284604955011
160.0	1.0107284604955011
160.5	1.0107284604955011
161.0	1.0107284604955011
161.5	1.0107284604955011
162.0	1.0107284604955011
162.5	1.0107284604955011
163	1.147905138339921
163.5	1.147905138339921
164	1.135499176276771
164.5	1.135499176276771
165.0	1.135499176276771
165.5	1.138160136286201
166.0	1.138160136286201
166.5	0.8607737704918033
167.0	0.8607737704918033
167.5	0.8607737704918033
168.0	0.8607737704918033
168.5	0.8607737704918033
169.0	0.8607737704918033
169.5	0.8607737704918033
170.0	0.8607737704918033
170.5	0.8615562784645413
171.0	0.8615562784645413
171.5	0.8615562784645413
172.0	0.8615562784645413
172.5	0.8615562784645413
173.0	0.8615562784645413
173.5	0.9439729526671675
174.0	0.9439729526671675
174.5	0.9439729526671675
175.0	0.9439729526671675
175.5	0.9439729526671675
176.0	0.9439729526671675
176.5	1.1808719723183392
177.0	1.1808719723183392
177.5	1.1808719723183392
