0	0.8825291262135923
0.5	0.8825291262135923
1.0	0.8825291262135923
1.5	0.8825291262135923
2	0.9069936920222634
2.5	0.9069936920222634
3.0	0.9069936920222634
3.5	0.9069936920222634
4.0	0.9069936920222634
4.5	0.9069936920222634
5.0	0.9069936920222634
5.5	0.9069936920222634
6.0	0.9069936920222634
6.5	0.9069936920222634
7.0	0.9069936920222634
7.5	1.8616169519152403
8.0	1.8616169519152403
8.5	1.8616169519152403
9.0	1.8616169519152403
9.5	1.8616169519152403
10	2.35419151977132
10.5	2.35419151977132
11.0	2.35419151977132
11.5	2.35419151977132
12	2.541456643605487
12.5	2.5502890625
13.0	2.5502890625
13.5	2.5502890625
14.0	2.5502890625
14.5	3.0899054966248793
15.0	3.0899054966248793
15.5	3.0899054966248793
16.0	3.0899054966248793
16.5	6.250319240724762
17.0	6.250319240724762
17.5	6.497936612374746
18	6.506055214723926
18.5	6.506055214723926
19	6.6757964774951075
19.5	6.6757964774951075
20	4.966008573480608
20.5	4.827151043115438
21.0	4.827151043115438
21.5	4.827151043115438
22.0	4.827151043115438
22.5	4.827151043115438
23.0	4.827151043115438
23.5	4.827151043115438
24	3.5551371907585363
24.5	3.5551371907585363
25.0	3.5551371907585363
25.5	3.5551371907585363
26.0	3.5551371907585363
26.5	3.5551371907585363
27.0	3.5551371907585363
27.5	3.5551371907585363
28.0	3.5551371907585363
28.5	3.5551371907585363
29	13.16088888888889
29.5	13.16088888888889
30	11.29998036796839
30.5	11.123791063561988
31.0	11.123791063561988
31.5	11.123791063561988
32	5.5906044226044225
32.5	5.5906044226044225
33.0	5.5906044226044225
33.5	5.5906044226044225
34.0	5.5906044226044225
34.5	5.5906044226044225
35.0	5.5906044226044225
35.5	3.899657754010695
36.0	3.899657754010695
36.5	3.899657754010695
37.0	3.899657754010695
37.5	3.899657754010695
38.0	3.899657754010695
38.5	3.899657754010695
39.0	3.899657754010695
39.5	3.900308946772367
40.0	3.900308946772367
40.5	3.900308946772367
41.0	3.900308946772367
41.5	3.900308946772367
42.0	3.900308946772367
42.5	3.900308946772367
43.0	3.900308946772367
43.5	3.900308946772367
44	2.6682464675892206
44.5	2.6682464675892206
45.0	2.6682464675892206
45.5	2.6682464675892206
46.0	2.6682464675892206
46.5	2.6682464675892206
47.0	2.6682464675892206
47.5	2.6682464675892206
48.0	2.6682464675892206
48.5	2.6682464675892206
49.0	2.6682464675892206
49.5	2.6682464675892206
50.0	2.6682464675892206
50.5	2.6682464675892206
51	5.3217364341085265
51.5	5.3217364341085265
52.0	5.3217364341085265
52.5	5.3217364341085265
53.0	5.3217364341085265
53.5	5.3217364341085265
54	7.550725559233858
54.5	7.631360824742268
55.0	7.631360824742268
55.5	7.631360824742268
56.0	7.631360824742268
56.5	10.660276527002493
57	10.750051090342678
57.5	10.750051090342678
58.0	10.750051090342678
58.5	7.301200894854587
59.0	7.301200894854587
59.5	7.301200894854587
60.0	7.301200894854587
60.5	5.35438670998371
61	5.3003811263318115
61.5	5.3003811263318115
62.0	5.3003811263318115
62.5	5.3003811263318115
63.0	5.3003811263318115
63.5	5.3003811263318115
64	8.548363636363636
64.5	8.548363636363636
65.0	8.548363636363636
65.5	8.548363636363636
66	8.552381234309623
66.5	8.552615062761506
67.0	8.552615062761506
67.5	8.552615062761506
68.0	8.552615062761506
68.5	7.457084398976982
69.0	7.457084398976982
69.5	7.457084398976982
70.0	7.457084398976982
70.5	6.729325419303805
71	6.712573933838183
71.5	6.712573933838183
72.0	6.712573933838183
72.5	6.712573933838183
73.0	6.712573933838183
73.5	6.710330532212885
74.0	6.710330532212885
74.5	6.710330532212885
75.0	6.710330532212885
75.5	6.710330532212885
76.0	6.710330532212885
76.5	6.913402278702892
77.0	6.913402278702892
77.5	6.913402278702892
78.0	6.913402278702892
78.5	7.246596972578778
79	7.263680136112293
79.5	7.263680136112293
80.0	7.263680136112293
80.5	7.263680136112293
81	7.316409927139897
81.5	7.317464074387152
82.0	7.317464074387152
82.5	7.317464074387152
83.0	7.317464074387152
83.5	6.542393188854489
84.0	6.542393188854489
84.5	6.542393188854489
85.0	6.542393188854489
85.5	6.542393188854489
86	3.37233304152942
86.5	3.2177558052434456
87.0	3.2177558052434456
87.5	3.2177558052434456
88.0	3.2177558052434456
88.5	3.2177558052434456
89.0	3.2177558052434456
89.5	3.2177558052434456
90.0	3.2177558052434456
90.5	3.2177558052434456
91.0	3.2177558052434456
91.5	3.221534404722011
92	3.2215754456901307
92.5	3.2215754456901307
93.0	3.2215754456901307
93.5	3.2215754456901307
94.0	3.2215754456901307
94.5	3.2215754456901307
95.0	3.2215754456901307
95.5	3.2215754456901307
96.0	3.2215754456901307
96.5	3.2215754456901307
97	2.283032695275365
97.5	2.27199304520616
98.0	2.27199304520616
98.5	2.27199304520616
99.0	2.27199304520616
99.5	2.27199304520616
100.0	2.27199304520616
100.5	2.27199304520616
101.0	2.27199304520616
101.5	2.27199304520616
102.0	2.27199304520616
102.5	2.27199304520616
103.0	2.27199304520616
103.5	2.27199304520616
104.0	2.27199304520616
104.5	2.27199304520616
105.0	2.27199304520616
105.5	1.1135281061519904
106.0	1.1135281061519904
106.5	1.1135281061519904
107.0	1.1135281061519904
107.5	1.1135281061519904
108.0	1.1135281061519904
108.5	1.1135281061519904
109.0	1.1135281061519904
109.5	1.1135281061519904
110.0	1.1135281061519904
110.5	1.1135281061519904
111.0	1.1135281061519904
111.5	1.1135281061519904
112.0	1.1135281061519904
112.5	1.1135281061519904
113.0	1.1135281061519904
113.5	1.1135281061519904
114.0	1.1135281061519904
114.5	1.1135281061519904
115.0	1.1135281061519904
115.5	1.1135281061519904
116.0	1.1135281061519904
116.5	1.1135281061519904
117.0	1.1135281061519904
117.5	1.1135281061519904
118.0	1.1135281061519904
118.5	1.1135281061519904
119.0	1.1135281061519904
119.5	1.1135281061519904
120.0	1.1135281061519904
120.5	1.1135281061519904
121.0	1.1135281061519904
121.5	1.1135281061519904
122	0.5905635410964261
122.5	0.5905635410964261
123.0	0.5905635410964261
123.5	0.5905635410964261
124.0	0.5905635410964261
124.5	0.5905635410964261
125.0	0.5905635410964261
125.5	0.5905635410964261
126.0	0.5905635410964261
126.5	0.5905635410964261
127.0	0.5905635410964261
127.5	0.5905635410964261
128.0	0.5905635410964261
128.5	0.5905635410964261
129.0	0.5905635410964261
129.5	0.5905635410964261
130.0	0.5905635410964261
130.5	0.5905635410964261
131.0	0.5905635410964261
131.5	0.5905635410964261
132.0	0.5905635410964261
132.5	0.5905635410964261
133.0	0.5905635410964261
133.5	0.5905635410964261
134.0	0.5905635410964261
134.5	0.5905635410964261
135	1.5243394658753708
135.5	1.5243394658753708
136.0	1.5243394658753708
136.5	1.6190743981668492
137	1.6252588744588745
137.5	1.6252588744588745
138.0	1.6252588744588745
138.5	1.6252588744588745
139.0	1.6252588744588745
139.5	1.6252588744588745
140.0	1.6252588744588745
140.5	1.6252588744588745
141.0	1.6252588744588745
141.5	1.9583297413793102
142.0	1.9583297413793102
142.5	1.9583297413793102
143.0	1.9583297413793102
143.5	1.9583297413793102
144.0	1.9583297413793102
144.5	1.9583297413793102
145	2.3471961205257554
145.5	2.355891139240506
146.0	2.355891139240506
146.5	2.355891139240506
147.0	2.355891139240506
147.5	2.355891139240506
148.0	2.355891139240506
148.5	1.7709128416709643
149.0	1.7709128416709643
149.5	1.7709128416709643
150.0	1.7709128416709643
150.5	1.7709128416709643
151.0	1.7709128416709643
151.5	1.7709128416709643
152.0	1.7709128416709643
152.5	1.376076522906528
153.0	1.376076522906528
153.5	1.376076522906528
154.0	1.376076522906528
154.5	1.376076522906528
155.0	1.376076522906528
155.5	1.376076522906528
156.0	1.376076522906528
156.5	1.376076522906528
157.0	1.376076522906528
157.5	1.376076522906528
158.0	1.376076522906528
158.5	2.376018766756032
159.0	2.376018766756032
159.5	2.376018766756032
160.0	2.376018766756032
160.5	2.376018766756032
161.0	2.376018766756032
161.5	2.838017303399547
162	2.8847745279526102
162.5	2.8847745279526102
163.0	2.8847745279526102
163.5	2.8847745279526102
164.0	2.8847745279526102
164.5	5.452702203269368
165.0	5.452702203269368
165.5	5.452702203269368
166	6.445046759639048
166.5	6.445046759639048
167.0	6.445046759639048
167.5	6.329371428571428
168.0	6.329371428571428
168.5	5.1325084846680555
169.0	5.1325084846680555
169.5	5.1325084846680555
170.0	5.1325084846680555
170.5	5.1325084846680555
171.0	5.1325084846680555
171.5	5.1325084846680555
172	2.5767836441249155
172.5	2.5767836441249155
173.0	2.5767836441249155
173.5	2.5767836441249155
174.0	2.5767836441249155
174.5	2.5767836441249155
175.0	2.5767836441249155
175.5	2.5767836441249155
176.0	2.5767836441249155
