0	1.0960120572720422
0.5	1.0960120572720422
1.0	1.0960120572720422
1.5	1.1083170080142475
2.0	1.1083170080142475
2.5	1.1083170080142475
3	0.8865736925515055
3.5	0.8865736925515055
4	0.8086286202791293
4.5	0.7986229929351317
5.0	0.7986229929351317
5.5	0.7986229929351317
6	0.9017489655172414
6.5	0.9017489655172414
7.0	0.9017489655172414
7.5	0.6218790878214459
8.0	0.6218790878214459
8.5	0.6218790878214459
9.0	0.6218790878214459
9.5	0.6218790878214459
10.0	0.6218790878214459
10.5	0.6218790878214459
11.0	0.6218790878214459
11.5	0.6218790878214459
12.0	0.6218790878214459
12.5	0.6218790878214459
13.0	0.6218790878214459
13.5	0.6218790878214459
14.0	0.6218790878214459
14.5	0.6218790878214459
15.0	0.6218790878214459
15.5	0.6218790878214459
16.0	0.6218790878214459
16.5	0.6218790878214459
17.0	0.6218790878214459
17.5	0.6218790878214459
18	0.7048045977011494
18.5	0.7048045977011494
19.0	0.7048045977011494
19.5	0.6276507573313942
20	0.623393993724787
20.5	0.623393993724787
21.0	0.623393993724787
21.5	0.623393993724787
22	0.6227685950413223
22.5	0.6227685950413223
23.0	0.6227685950413223
23.5	0.6227685950413223
24	0.6356020545317642
24.5	0.6366361556064073
25.0	0.6366361556064073
25.5	0.6366361556064073
26	0.6521379310344828
26.5	0.6521379310344828
27.0	0.6521379310344828
27.5	0.6521379310344828
28	0.6866677966101695
28.5	0.6866677966101695
29.0	0.6866677966101695
29.5	0.6866677966101695
30.0	0.6866677966101695
30.5	0.6866677966101695
31.0	0.6866677966101695
31.5	0.6866677966101695
32.0	0.6866677966101695
32.5	0.6866677966101695
33	0.8002289981331674
33.5	0.8002289981331674
34.0	0.8002289981331674
34.5	0.6507999999999999
35.0	0.6507999999999999
35.5	0.6507999999999999
36.0	0.6507999999999999
36.5	0.6507999999999999
37.0	0.6507999999999999
37.5	0.6507999999999999
38.0	0.6507999999999999
38.5	0.6507999999999999
39.0	0.6507999999999999
39.5	0.6507999999999999
40	0.58698410430434
40.5	0.58698410430434
41.0	0.58698410430434
41.5	0.58698410430434
42.0	0.58698410430434
42.5	0.58698410430434
43.0	0.58698410430434
43.5	0.58698410430434
44.0	0.58698410430434
44.5	0.58698410430434
45.0	0.58698410430434
45.5	0.58698410430434
46.0	0.58698410430434
46.5	0.58698410430434
47.0	0.58698410430434
47.5	0.58698410430434
48.0	0.58698410430434
48.5	0.58698410430434
49.0	0.58698410430434
49.5	0.58698410430434
50.0	0.58698410430434
50.5	0.58698410430434
51.0	0.58698410430434
51.5	0.714795865633075
52.0	0.714795865633075
52.5	0.714795865633075
53	0.7139751243781094
53.5	0.7139751243781094
54.0	0.7139751243781094
54.5	0.7139751243781094
55	0.7460854489164087
55.5	0.7460854489164087
56.0	0.7460854489164087
56.5	0.7719206534422404
57.0	0.7719206534422404
57.5	0.7719206534422404
58.0	0.7719206534422404
58.5	0.7714223134839151
59.0	0.7714223134839151
59.5	0.7714223134839151
60	0.5783856782410188
60.5	0.5783856782410188
61.0	0.5783856782410188
61.5	0.5783856782410188
62.0	0.5783856782410188
62.5	0.5783856782410188
63.0	0.5783856782410188
63.5	0.5783856782410188
64.0	0.5783856782410188
64.5	0.5783856782410188
65.0	0.5783856782410188
65.5	0.5783856782410188
66.0	0.5783856782410188
66.5	0.5783856782410188
67.0	0.5783856782410188
67.5	0.5783856782410188
68.0	0.5783856782410188
68.5	0.48216307460437074
69.0	0.48216307460437074
69.5	0.48216307460437074
70.0	0.48216307460437074
70.5	0.48216307460437074
71.0	0.48216307460437074
71.5	0.48216307460437074
72.0	0.48216307460437074
72.5	0.48216307460437074
73.0	0.48216307460437074
73.5	0.48216307460437074
74.0	0.48216307460437074
74.5	0.48216307460437074
75	0.542234775834752
75.5	0.5434117647058824
76.0	0.5434117647058824
76.5	0.5434117647058824
77.0	0.5434117647058824
77.5	0.5434117647058824
78.0	0.5434117647058824
78.5	0.5434117647058824
79.0	0.5434117647058824
79.5	0.5434117647058824
80.0	0.5434117647058824
80.5	0.5434117647058824
81	0.48518159887096274
81.5	0.48299649122807015
82.0	0.48299649122807015
82.5	0.48299649122807015
83.0	0.48299649122807015
83.5	0.48299649122807015
84	0.47550911300121507
84.5	0.47550911300121507
85.0	0.47550911300121507
85.5	0.47550911300121507
86.0	0.47550911300121507
86.5	0.488110978993262
87.0	0.488110978993262
87.5	0.488110978993262
88.0	0.488110978993262
88.5	0.488110978993262
89	0.5005875472996216
89.5	0.5005875472996216
90.0	0.5005875472996216
90.5	0.5005875472996216
91.0	0.5005875472996216
91.5	0.5005875472996216
92	0.516015650559451
92.5	0.5171620111731844
93.0	0.5171620111731844
93.5	0.5171620111731844
94.0	0.5171620111731844
94.5	0.5171620111731844
95.0	0.5171620111731844
95.5	0.5171620111731844
96.0	0.5171620111731844
96.5	0.5939262163285806
97	0.5999479894052493
97.5	0.5999479894052493
98.0	0.5999479894052493
98.5	0.5999479894052493
99.0	0.5999479894052493
99.5	0.5999479894052493
100.0	0.5999479894052493
100.5	0.5999479894052493
101.0	0.5999479894052493
101.5	0.5999479894052493
102.0	0.5999479894052493
102.5	0.5999479894052493
103.0	0.5999479894052493
103.5	0.5999479894052493
104.0	0.5999479894052493
104.5	0.5999479894052493
105.0	0.5999479894052493
105.5	0.6634568725653868
106.0	0.6634568725653868
106.5	0.6634568725653868
107	0.6218827711844177
107.5	0.6197543252595156
108.0	0.6197543252595156
108.5	0.6197543252595156
109.0	0.6197543252595156
109.5	0.6197543252595156
110.0	0.6197543252595156
110.5	0.6197543252595156
111.0	0.6197543252595156
111.5	0.6197543252595156
112	0.6814479250334672
112.5	0.6814479250334672
113.0	0.6814479250334672
113.5	0.6814479250334672
114.0	0.6814479250334672
114.5	0.6814479250334672
115.0	0.6814479250334672
115.5	0.6814479250334672
116.0	0.6814479250334672
116.5	0.6814479250334672
117.0	0.6814479250334672
117.5	0.6814479250334672
118.0	0.6814479250334672
118.5	0.6814479250334672
119.0	0.6814479250334672
119.5	0.6814479250334672
120.0	0.6814479250334672
120.5	0.6814479250334672
121.0	0.6814479250334672
121.5	0.6814479250334672
122.0	0.6814479250334672
122.5	0.6814479250334672
123.0	0.6814479250334672
123.5	0.5504772835963654
124.0	0.5504772835963654
124.5	0.5504772835963654
125.0	0.5504772835963654
125.5	0.550753922574843
126	0.5507801179443976
126.5	0.5507801179443976
127.0	0.5507801179443976
127.5	0.5507801179443976
128	0.5920012944943316
128.5	0.5942932891466446
129.0	0.5942932891466446
129.5	0.5942932891466446
130.0	0.5942932891466446
130.5	0.5942932891466446
131	0.8732505119453925
131.5	0.8732505119453925
132.0	0.8732505119453925
132.5	0.8803344481605351
133.0	0.8803344481605351
133.5	0.7088569739152376
134	0.6927988826815642
134.5	0.6927988826815642
135	0.5662138291020818
135.5	0.533418399718012
136.0	0.533418399718012
136.5	0.533418399718012
137.0	0.533418399718012
137.5	0.533418399718012
138.0	0.533418399718012
138.5	0.533418399718012
139.0	0.533418399718012
139.5	0.533418399718012
140.0	0.533418399718012
140.5	0.533418399718012
141.0	0.533418399718012
141.5	0.6140880245649949
142.0	0.6140880245649949
142.5	0.6140880245649949
143.0	0.6140880245649949
143.5	0.6922479532163743
144.0	0.6922479532163743
144.5	0.6922479532163743
145.0	0.6922479532163743
145.5	0.6405280424933605
146.0	0.6405280424933605
146.5	0.6405280424933605
147.0	0.6405280424933605
147.5	0.6405280424933605
148.0	0.6405280424933605
148.5	0.6405280424933605
149.0	0.6405280424933605
149.5	0.6405280424933605
150.0	0.6405280424933605
150.5	0.6405280424933605
151.0	0.6405280424933605
151.5	0.6405280424933605
152.0	0.6405280424933605
152.5	0.6405280424933605
153.0	0.6405280424933605
153.5	0.6405280424933605
154.0	0.6405280424933605
154.5	0.6405280424933605
155.0	0.6405280424933605
155.5	0.6405280424933605
156.0	0.6405280424933605
156.5	0.6405280424933605
157.0	0.6405280424933605
157.5	0.6405280424933605
158.0	0.6405280424933605
158.5	0.8721321321321321
159.0	0.8721321321321321
159.5	0.8756064225662264
160	0.8757916137229987
160.5	0.8757916137229987
161.0	0.8757916137229987
161.5	0.8733333333333334
162.0	0.8733333333333334
162.5	0.8733333333333334
163	0.8315012987012986
163.5	0.8315012987012986
164.0	0.8315012987012986
164.5	0.8315012987012986
165	0.667613813965213
165.5	0.667613813965213
166.0	0.667613813965213
166.5	0.667613813965213
167.0	0.667613813965213
167.5	0.667613813965213
168.0	0.667613813965213
168.5	0.667613813965213
169	0.5643877636075686
169.5	0.5643877636075686
170.0	0.5643877636075686
170.5	0.5643877636075686
171.0	0.5643877636075686
171.5	0.5643877636075686
172.0	0.5643877636075686
172.5	0.5643877636075686
173.0	0.5643877636075686
173.5	0.5643877636075686
174.0	0.5643877636075686
174.5	0.5643877636075686
175.0	0.5643877636075686
175.5	0.5643877636075686
176.0	0.5643877636075686
176.5	0.5643877636075686
177.0	0.5643877636075686
177.5	0.5643877636075686
178.0	0.5643877636075686
178.5	0.5643877636075686
179.0	0.5643877636075686
179.5	0.5643877636075686
180.0	0.5643877636075686
180.5	0.5643877636075686
181	0.5387764282501124
181.5	0.5387764282501124
182.0	0.5387764282501124
182.5	0.5387764282501124
183.0	0.5387764282501124
183.5	0.5387764282501124
184.0	0.5387764282501124
184.5	0.5387764282501124
185.0	0.5387764282501124
185.5	0.5387764282501124
186.0	0.5387764282501124
186.5	0.5387764282501124
187.0	0.5387764282501124
187.5	0.5387764282501124
188.0	0.5387764282501124
188.5	0.5387764282501124
189.0	0.5387764282501124
189.5	0.5387764282501124
