0	2.190373493975904
0.5	2.190373493975904
1	2.218609625668449
1.5	2.2161486492259774
2	2.215556435643564
2.5	2.170929737402413
3.0	2.170929737402413
3.5	2.170929737402413
4	2.730089552238806
4.5	2.730089552238806
5	3.6706525573192237
5.5	3.6706525573192237
6.0	3.6706525573192237
6.5	2.63288107791447
7.0	2.63288107791447
7.5	2.63288107791447
8	2.477049927007299
8.5	2.477049927007299
9.0	2.477049927007299
9.5	2.477049927007299
10.0	2.477049927007299
10.5	2.477049927007299
11.0	2.477049927007299
11.5	1.3199195202166762
12.0	1.3199195202166762
12.5	1.3199195202166762
13.0	1.3199195202166762
13.5	1.3199195202166762
14.0	1.3199195202166762
14.5	1.3199195202166762
15.0	1.3199195202166762
15.5	1.3199195202166762
16.0	1.3199195202166762
16.5	1.3199195202166762
17	1.6959183484110416
17.5	1.6959183484110416
18.0	1.6959183484110416
18.5	1.6959183484110416
19.0	1.6959183484110416
19.5	1.6959183484110416
20.0	1.6959183484110416
20.5	1.6959183484110416
21.0	1.6959183484110416
21.5	3.052599269183922
22.0	3.052599269183922
22.5	3.052599269183922
23.0	3.052599269183922
23.5	3.052599269183922
24	3.7522617586912066
24.5	3.7522617586912066
25.0	3.7522617586912066
25.5	3.7522617586912066
26	3.7517622585438333
26.5	3.7517622585438333
27.0	3.7517622585438333
27.5	3.7517622585438333
28	3.944639391056137
28.5	3.944639391056137
29.0	3.944639391056137
29.5	3.944639391056137
30	3.9878677603778274
30.5	3.9878677603778274
31.0	3.9878677603778274
31.5	3.9878677603778274
32.0	3.9878677603778274
32.5	3.9878677603778274
33.0	3.9878677603778274
33.5	3.9878677603778274
34	3.407388922849263
34.5	3.396422879684418
35.0	3.396422879684418
35.5	3.396422879684418
36.0	3.396422879684418
36.5	3.396422879684418
37.0	3.396422879684418
37.5	3.396422879684418
38.0	3.396422879684418
38.5	3.396422879684418
39.0	3.396422879684418
39.5	3.2220777484608623
40.0	3.2220777484608623
40.5	3.2220777484608623
41.0	3.2220777484608623
41.5	3.2220777484608623
42.0	3.2220777484608623
42.5	3.2220777484608623
43.0	3.2220777484608623
43.5	3.2220777484608623
44.0	3.2220777484608623
44.5	3.2220777484608623
45	3.13414729311768
45.5	3.132337642585551
46.0	3.132337642585551
46.5	3.132337642585551
47.0	3.132337642585551
47.5	3.132337642585551
48.0	3.132337642585551
48.5	3.132337642585551
49.0	3.132337642585551
49.5	3.132337642585551
50.0	3.132337642585551
50.5	2.8343663050414807
51.0	2.8343663050414807
51.5	2.8343663050414807
52.0	2.8343663050414807
52.5	2.8343663050414807
53.0	2.8343663050414807
53.5	2.8343663050414807
54.0	2.8343663050414807
54.5	2.8343663050414807
55.0	2.8343663050414807
55.5	2.8343663050414807
56.0	2.8343663050414807
56.5	2.8343663050414807
57	3.043540659728347
57.5	3.043540659728347
58.0	3.043540659728347
58.5	3.043540659728347
59.0	3.043540659728347
59.5	3.043540659728347
60.0	3.043540659728347
60.5	3.043540659728347
61.0	3.043540659728347
61.5	3.043540659728347
62.0	3.043540659728347
62.5	3.1312949796405585
63	3.1332918586789558
63.5	3.1332918586789558
64.0	3.1332918586789558
64.5	3.1332918586789558
65.0	3.1332918586789558
65.5	3.1332918586789558
66.0	3.1332918586789558
66.5	3.1332918586789558
67.0	3.1332918586789558
67.5	3.1332918586789558
68	3.322853435114504
68.5	3.322853435114504
69.0	3.322853435114504
69.5	3.322853435114504
70.0	3.322853435114504
70.5	3.322853435114504
71.0	3.322853435114504
71.5	3.322853435114504
72.0	3.322853435114504
72.5	3.322853435114504
73.0	3.322853435114504
73.5	3.6925094535632663
74.0	3.6925094535632663
74.5	3.6925094535632663
75.0	3.6925094535632663
75.5	3.6925094535632663
76.0	3.6925094535632663
76.5	3.6925094535632663
77.0	3.6925094535632663
77.5	3.6925094535632663
78.0	3.6925094535632663
78.5	3.050289125163216
79.0	3.050289125163216
79.5	3.050289125163216
80.0	3.050289125163216
80.5	3.050289125163216
81.0	3.050289125163216
81.5	3.050289125163216
82.0	3.050289125163216
82.5	3.050289125163216
83.0	3.050289125163216
83.5	3.050289125163216
84	3.0979847706746946
84.5	3.0979847706746946
85.0	3.0979847706746946
85.5	3.0979847706746946
86.0	3.0979847706746946
86.5	3.0979847706746946
87.0	3.0979847706746946
87.5	3.0979847706746946
88.0	3.0979847706746946
88.5	3.0979847706746946
89.0	3.0979847706746946
89.5	3.0761799660441427
90.0	3.0761799660441427
90.5	3.0761799660441427
91.0	3.0761799660441427
91.5	3.0761799660441427
92	2.5511824644549765
92.5	2.5511824644549765
93.0	2.5511824644549765
93.5	2.5511824644549765
94.0	2.5511824644549765
94.5	2.5511824644549765
95.0	2.5511824644549765
95.5	2.550704793944491
96.0	2.550704793944491
96.5	2.550704793944491
97.0	2.550704793944491
97.5	2.550704793944491
98	3.2305454545454544
98.5	3.2305454545454544
99.0	3.2305454545454544
99.5	3.2305454545454544
100.0	3.2305454545454544
100.5	4.026038164002062
101.0	4.026038164002062
101.5	4.026038164002062
102.0	4.026038164002062
102.5	3.71474322169059
103.0	3.71474322169059
103.5	3.71474322169059
104.0	3.71474322169059
104.5	1.9874086413326393
105.0	1.9874086413326393
105.5	1.9874086413326393
106.0	1.9874086413326393
106.5	1.9874086413326393
107.0	1.9874086413326393
107.5	1.9874086413326393
108.0	1.9874086413326393
108.5	1.9008042953020132
109.0	1.9008042953020132
109.5	1.9008042953020132
110.0	1.9008042953020132
110.5	1.9008042953020132
111.0	1.9008042953020132
111.5	1.9008042953020132
112	2.286338979655831
112.5	2.3129382853951412
113.0	2.3129382853951412
113.5	2.3129382853951412
114.0	2.3129382853951412
114.5	2.3129382853951412
115.0	2.3129382853951412
115.5	2.3129382853951412
116	4.166724873096447
116.5	4.166724873096447
117.0	4.166724873096447
117.5	4.166724873096447
118	4.235297812675266
118.5	4.235297812675266
119.0	4.235297812675266
119.5	4.235297812675266
120	6.150680016019224
120.5	6.150680016019224
121.0	6.150680016019224
121.5	6.150680016019224
122.0	6.150680016019224
122.5	5.436625316455697
123.0	5.436625316455697
123.5	5.436625316455697
124.0	5.436625316455697
124.5	5.436625316455697
125.0	5.436625316455697
125.5	3.86679698877186
126	3.8439450574195004
126.5	3.8439450574195004
127.0	3.8439450574195004
127.5	3.8439450574195004
128.0	3.8439450574195004
128.5	3.8439450574195004
129.0	3.8439450574195004
129.5	3.8439450574195004
130	2.7179548174976276
130.5	2.701220893643801
131.0	2.701220893643801
131.5	2.701220893643801
132.0	2.701220893643801
132.5	2.701220893643801
133.0	2.701220893643801
133.5	2.701220893643801
134.0	2.701220893643801
134.5	2.701220893643801
135.0	2.701220893643801
135.5	2.701220893643801
136.0	2.701220893643801
136.5	2.7254690580061403
137.0	2.7254690580061403
137.5	2.7254690580061403
138.0	2.7254690580061403
138.5	2.7254690580061403
139.0	2.7254690580061403
139.5	2.7254690580061403
140.0	2.7254690580061403
140.5	2.7254690580061403
141.0	2.7254690580061403
141.5	2.7254690580061403
142.0	2.7254690580061403
142.5	2.7254690580061403
143	3.1534767232046192
143.5	3.1534767232046192
144.0	3.1534767232046192
144.5	3.1534767232046192
145.0	3.1534767232046192
145.5	3.1534767232046192
146.0	3.1534767232046192
146.5	3.1534767232046192
147.0	3.1534767232046192
147.5	3.1534767232046192
148.0	3.1534767232046192
148.5	5.465365099806825
149.0	5.465365099806825
149.5	5.465365099806825
150.0	5.465365099806825
150.5	5.465365099806825
151.0	5.465365099806825
151.5	3.836210902616785
152	3.788479726845924
152.5	3.788479726845924
153.0	3.788479726845924
153.5	3.788479726845924
154.0	3.788479726845924
154.5	3.788479726845924
155.0	3.788479726845924
155.5	3.788479726845924
156.0	3.788479726845924
156.5	3.0357637273809166
157	2.9850043898156278
157.5	2.9850043898156278
158.0	2.9850043898156278
158.5	2.9850043898156278
159.0	2.9850043898156278
159.5	2.9850043898156278
160.0	2.9850043898156278
160.5	2.9850043898156278
161.0	2.9850043898156278
161.5	2.9850043898156278
162.0	2.9850043898156278
162.5	3.2777763997811418
163.0	3.2777763997811418
163.5	3.2777763997811418
164.0	3.2777763997811418
164.5	3.2777763997811418
165.0	3.2777763997811418
165.5	3.2777763997811418
166.0	3.2777763997811418
166.5	3.2777763997811418
167.0	3.2777763997811418
167.5	3.2777763997811418
168	3.0859795436664044
168.5	3.0859795436664044
169.0	3.0859795436664044
169.5	3.0859795436664044
170.0	3.0859795436664044
170.5	3.0859795436664044
171.0	3.0859795436664044
171.5	3.0859795436664044
172.0	3.0859795436664044
172.5	3.0859795436664044
173.0	3.0859795436664044
173.5	5.389214129415443
174.0	5.389214129415443
174.5	5.389214129415443
175.0	5.389214129415443
175.5	5.389214129415443
176.0	5.389214129415443
176.5	4.967199653529667
177.0	4.967199653529667
177.5	4.967199653529667
178.0	4.967199653529667
178.5	4.967199653529667
