0	4.12013597733711
0.5	4.121324503311258
1	4.079209302325582
1.5	4.079209302325582
2	4.078453333333333
2.5	4.058011195928754
3.0	4.058011195928754
3.5	4.058011195928754
4.0	4.058011195928754
4.5	4.04830322173089
5.0	4.04830322173089
5.5	4.04830322173089
6	4.04078803438855
6.5	4.040223089793642
7.0	4.040223089793642
7.5	4.040223089793642
8	4.040008022112765
8.5	4.039994707828004
9.0	4.039994707828004
9.5	4.039994707828004
10.0	4.039994707828004
10.5	4.039994707828004
11.0	4.039994707828004
11.5	4.039994707828004
12.0	4.039994707828004
12.5	4.039994707828004
13	4.043214162773543
13.5	4.043214162773543
14.0	4.043214162773543
14.5	4.043214162773543
15.0	4.043214162773543
15.5	4.043214162773543
16.0	4.043214162773543
16.5	4.043214162773543
17	4.00313910034602
17.5	4.00313910034602
18.0	4.00313910034602
18.5	4.00313910034602
19.0	4.00313910034602
19.5	4.00313910034602
20.0	4.00313910034602
20.5	4.00313910034602
21.0	4.00313910034602
21.5	4.02131729879741
22.0	4.02131729879741
22.5	4.02131729879741
23.0	4.02131729879741
23.5	4.02131729879741
24.0	4.02131729879741
24.5	4.02131729879741
25.0	4.02131729879741
25.5	4.049502931906789
26	4.049991813147122
26.5	4.049991813147122
27.0	4.049991813147122
27.5	4.049991813147122
28.0	4.049991813147122
28.5	4.049991813147122
29.0	4.049991813147122
29.5	4.049991813147122
30	3.941071125975474
30.5	3.941071125975474
31.0	3.941071125975474
31.5	3.941071125975474
32.0	3.941071125975474
32.5	3.941071125975474
33.0	3.941071125975474
33.5	3.941071125975474
34.0	3.941071125975474
34.5	4.0541220489977725
35.0	4.0541220489977725
35.5	4.0541220489977725
36.0	4.0541220489977725
36.5	4.0541220489977725
37.0	4.0541220489977725
37.5	4.0541220489977725
38.0	4.0541220489977725
38.5	4.0541220489977725
39	4.069810248604769
39.5	4.069810248604769
40.0	4.069810248604769
40.5	4.069810248604769
41.0	4.069810248604769
41.5	4.069810248604769
42.0	4.069810248604769
42.5	4.069810248604769
43	4.000592371395283
43.5	3.99625527964725
44.0	3.99625527964725
44.5	3.99625527964725
45.0	3.99625527964725
45.5	3.99625527964725
46.0	3.99625527964725
46.5	3.99625527964725
47.0	3.99625527964725
47.5	3.96554916740726
48	3.964829437229437
48.5	3.964829437229437
49.0	3.964829437229437
49.5	3.964829437229437
50.0	3.964829437229437
50.5	3.964829437229437
51.0	3.964829437229437
51.5	3.964829437229437
52.0	3.964829437229437
52.5	3.966320654790563
53.0	3.966320654790563
53.5	3.966320654790563
54.0	3.966320654790563
54.5	3.966320654790563
55.0	3.966320654790563
55.5	3.966320654790563
56.0	3.966320654790563
56.5	3.9977065706570656
57.0	3.9977065706570656
57.5	3.9977065706570656
58.0	3.9977065706570656
58.5	3.9977065706570656
59.0	3.9977065706570656
59.5	3.9977065706570656
60.0	3.9977065706570656
60.5	3.9977065706570656
61	4.042603561387066
61.5	4.042603561387066
62.0	4.042603561387066
62.5	4.042603561387066
63.0	4.042603561387066
63.5	4.042603561387066
64.0	4.042603561387066
64.5	4.042603561387066
65.0	4.042603561387066
65.5	4.055214711729622
66.0	4.055214711729622
66.5	4.055214711729622
67.0	4.055214711729622
67.5	4.055214711729622
68.0	4.055214711729622
68.5	4.055214711729622
69.0	4.055214711729622
69.5	3.9798290285714284
70.0	3.9798290285714284
70.5	3.9798290285714284
71.0	3.9798290285714284
71.5	3.9798290285714284
72.0	3.9798290285714284
72.5	3.9798290285714284
73.0	3.9798290285714284
73.5	3.9798290285714284
74	3.9705201072386056
74.5	3.9705201072386056
75.0	3.9705201072386056
75.5	3.9705201072386056
76.0	3.9705201072386056
76.5	3.9705201072386056
77.0	3.9705201072386056
77.5	3.9705201072386056
78.0	3.9705201072386056
78.5	4.033695115934879
79.0	4.033695115934879
79.5	4.033695115934879
80.0	4.033695115934879
80.5	4.033695115934879
81.0	4.033695115934879
81.5	4.033695115934879
82.0	4.033695115934879
82.5	3.986901402197895
83	3.9841311774083352
83.5	3.9841311774083352
84.0	3.9841311774083352
84.5	3.9841311774083352
85.0	3.9841311774083352
85.5	3.9841311774083352
86.0	3.9841311774083352
86.5	3.9841311774083352
87.0	3.9841311774083352
87.5	4.013786463298379
88.0	4.013786463298379
88.5	4.013786463298379
89.0	4.013786463298379
89.5	4.013786463298379
90.0	4.013786463298379
90.5	4.013786463298379
91.0	4.013786463298379
91.5	4.011095959806047
92	4.011030556718293
92.5	4.011030556718293
93.0	4.011030556718293
93.5	4.011030556718293
94.0	4.011030556718293
94.5	4.011030556718293
95.0	4.011030556718293
95.5	4.011030556718293
96.0	4.011030556718293
96.5	3.9619246609743843
97.0	3.9619246609743843
97.5	3.9619246609743843
98.0	3.9619246609743843
98.5	3.9619246609743843
99.0	3.9619246609743843
99.5	3.9619246609743843
100.0	3.9619246609743843
100.5	3.9981929558496283
101	3.9992768149882902
101.5	3.9992768149882902
102.0	3.9992768149882902
102.5	3.9992768149882902
103.0	3.9992768149882902
103.5	3.9992768149882902
104.0	3.9992768149882902
104.5	3.9992768149882902
105	4.005812124016659
105.5	4.005812124016659
106.0	4.005812124016659
106.5	4.005812124016659
107.0	4.005812124016659
107.5	4.005812124016659
108.0	4.005812124016659
108.5	4.005812124016659
109.0	4.005812124016659
109.5	3.9824603062426385
110.0	3.9824603062426385
110.5	3.9824603062426385
111.0	3.9824603062426385
111.5	3.9824603062426385
112.0	3.9824603062426385
112.5	3.9824603062426385
113.0	3.9824603062426385
113.5	3.7417083480180953
114	3.7386457789382073
114.5	3.7386457789382073
115.0	3.7386457789382073
115.5	3.7386457789382073
116.0	3.7386457789382073
116.5	3.7386457789382073
117.0	3.7386457789382073
117.5	3.7386457789382073
118.0	3.7386457789382073
118.5	3.864328042328042
119.0	3.864328042328042
119.5	3.864328042328042
120.0	3.864328042328042
120.5	3.864328042328042
121.0	3.864328042328042
121.5	3.864328042328042
122.0	3.864328042328042
122.5	3.864328042328042
123	4.024947949969093
123.5	4.033977508269019
124.0	4.033977508269019
124.5	4.033977508269019
125.0	4.033977508269019
125.5	4.033977508269019
126.0	4.033977508269019
126.5	4.033977508269019
127.0	4.033977508269019
127.5	4.033977508269019
128	3.966973785990546
128.5	3.966973785990546
129.0	3.966973785990546
129.5	3.966973785990546
130.0	3.966973785990546
130.5	3.966973785990546
131.0	3.966973785990546
131.5	3.966973785990546
132.0	3.966973785990546
132.5	4.008246284501062
133.0	4.008246284501062
133.5	4.008246284501062
134.0	4.008246284501062
134.5	4.021859310344827
135.0	4.021859310344827
135.5	4.021859310344827
136	4.006774813233725
136.5	4.006774813233725
137.0	4.006774813233725
137.5	4.006774813233725
138	3.985372807017544
138.5	3.985372807017544
139.0	3.985372807017544
139.5	3.985372807017544
140	3.9832081326912787
140.5	3.9832081326912787
141.0	3.9832081326912787
141.5	3.9774424835767452
142	3.97734685215751
142.5	3.97734685215751
143.0	3.97734685215751
143.5	3.97734685215751
144.0	3.97734685215751
144.5	3.97734685215751
145.0	3.97734685215751
145.5	3.97734685215751
146	3.9837173467061775
146.5	3.9837173467061775
147.0	3.9837173467061775
147.5	3.9837173467061775
148.0	3.9837173467061775
148.5	3.9837173467061775
149.0	3.9837173467061775
149.5	3.9837173467061775
150.0	3.9837173467061775
150.5	3.960439270972315
151	3.958820895522388
151.5	3.958820895522388
152.0	3.958820895522388
152.5	3.958820895522388
153.0	3.958820895522388
153.5	3.958820895522388
154.0	3.958820895522388
154.5	3.958820895522388
155	4.002889740698985
155.5	4.002889740698985
156.0	4.002889740698985
156.5	4.002889740698985
157.0	4.002889740698985
157.5	4.002889740698985
158.0	4.002889740698985
158.5	4.002889740698985
159.0	4.002889740698985
159.5	4.0188179669030735
160.0	4.0188179669030735
160.5	4.0188179669030735
161.0	4.0188179669030735
161.5	4.0188179669030735
162.0	4.0188179669030735
162.5	4.0188179669030735
163.0	4.0188179669030735
163.5	4.0188179669030735
164	4.028703878054248
164.5	4.028703878054248
165.0	4.028703878054248
165.5	4.028703878054248
166.0	4.028703878054248
166.5	4.028703878054248
167.0	4.028703878054248
167.5	4.028703878054248
168.0	4.028703878054248
168.5	4.052988891759235
169.0	4.052988891759235
169.5	4.052988891759235
170.0	4.052988891759235
170.5	4.052988891759235
171.0	4.052988891759235
171.5	4.052988891759235
172.0	4.052988891759235
172.5	3.9769540945790083
173.0	3.9769540945790083
173.5	3.9769540945790083
174.0	3.9769540945790083
174.5	3.9769540945790083
175.0	3.9769540945790083
175.5	3.9769540945790083
176.0	3.9769540945790083
176.5	3.9769540945790083
177	3.9810010413051025
177.5	3.9810010413051025
178.0	3.9810010413051025
178.5	3.9810010413051025
179.0	3.9810010413051025
