0	1.3682107243650048
0.5	1.3682107243650048
1.0	1.3682107243650048
1.5	1.3768141592920353
2.0	1.3768141592920353
2.5	1.3745159705159706
3.0	1.3745159705159706
3.5	1.2522215508559917
4.0	1.2522215508559917
4.5	1.233524528301887
5.0	1.233524528301887
5.5	1.2595251572327044
6.0	1.2595251572327044
6.5	1.2595251572327044
7.0	1.2595251572327044
7.5	1.2595251572327044
8.0	1.2595251572327044
8.5	1.2595251572327044
9.0	1.2595251572327044
9.5	1.2595251572327044
10.0	1.2595251572327044
10.5	1.2595251572327044
11	1.2715674916622783
11.5	1.2715674916622783
12.0	1.2715674916622783
12.5	1.2715674916622783
13.0	1.2715674916622783
13.5	1.2715674916622783
14.0	1.2715674916622783
14.5	1.2715674916622783
15.0	1.2715674916622783
15.5	1.2715674916622783
16.0	1.2715674916622783
16.5	1.4968059280169372
17.0	1.4968059280169372
17.5	1.4968059280169372
18.0	1.4968059280169372
18.5	1.4968059280169372
19.0	1.4968059280169372
19.5	1.4968059280169372
20.0	1.4968059280169372
20.5	1.4968059280169372
21.0	1.4968059280169372
21.5	1.4968059280169372
22.0	1.4968059280169372
22.5	1.502127697049758
23.0	1.502127697049758
23.5	1.502127697049758
24.0	1.502127697049758
24.5	1.502127697049758
25.0	1.502127697049758
25.5	1.502127697049758
26.0	1.502127697049758
26.5	1.502127697049758
27	1.4978701085843065
27.5	1.4978701085843065
28.0	1.4978701085843065
28.5	1.4978701085843065
29.0	1.4978701085843065
29.5	1.4978701085843065
30.0	1.4978701085843065
30.5	1.4978701085843065
31.0	1.4978701085843065
31.5	1.4978701085843065
32	1.4570837209302325
32.5	1.4570837209302325
33.0	1.4570837209302325
33.5	1.4570837209302325
34.0	1.4570837209302325
34.5	1.4570837209302325
35.0	1.4570837209302325
35.5	1.4570837209302325
36.0	1.4570837209302325
36.5	1.4570837209302325
37	1.4506510869435092
37.5	1.4504790513833992
38.0	1.4504790513833992
38.5	1.4504790513833992
39.0	1.4504790513833992
39.5	1.4504790513833992
40.0	1.4504790513833992
40.5	1.4504790513833992
41.0	1.4504790513833992
41.5	1.4504790513833992
42.0	1.4504790513833992
42.5	1.4747339449541284
43.0	1.4747339449541284
43.5	1.4999040667361836
44.0	1.4999040667361836
44.5	1.493063122923588
45.0	1.493063122923588
45.5	1.493063122923588
46.0	1.493063122923588
46.5	1.4692637913741222
47.0	1.4692637913741222
47.5	1.4692637913741222
48.0	1.4692637913741222
48.5	1.4426026986506748
49.0	1.4426026986506748
49.5	1.4426026986506748
50.0	1.4426026986506748
50.5	1.0633448601253577
51	1.044012376602328
51.5	1.044012376602328
52.0	1.044012376602328
52.5	1.044012376602328
53.0	1.044012376602328
53.5	1.044012376602328
54.0	1.044012376602328
54.5	1.044012376602328
55.0	1.044012376602328
55.5	1.044012376602328
56.0	1.044012376602328
56.5	1.044012376602328
57.0	1.044012376602328
57.5	0.5521006148686417
58.0	0.5521006148686417
58.5	0.5521006148686417
59.0	0.5521006148686417
59.5	0.5521006148686417
60.0	0.5521006148686417
60.5	0.5521006148686417
61.0	0.5521006148686417
61.5	0.5521006148686417
62.0	0.5521006148686417
62.5	0.5521006148686417
63.0	0.5521006148686417
63.5	0.5521006148686417
64.0	0.5521006148686417
64.5	0.5521006148686417
65.0	0.5521006148686417
65.5	0.5521006148686417
66.0	0.5521006148686417
66.5	0.5521006148686417
67.0	0.5521006148686417
67.5	0.5521006148686417
68.0	0.5521006148686417
68.5	0.5521006148686417
69.0	0.5521006148686417
69.5	0.5521006148686417
70.0	0.5521006148686417
70.5	0.5521006148686417
71.0	0.5521006148686417
71.5	0.5521006148686417
72	1.1989872340425531
72.5	1.1989872340425531
73	1.1990126775880672
73.5	1.1990190114068442
74.0	1.1990190114068442
74.5	1.3722782608695652
75.0	1.3722782608695652
75.5	1.383350210970464
76.0	1.383350210970464
76.5	1.030112359550562
77.0	1.030112359550562
77.5	1.030112359550562
78.0	1.030112359550562
78.5	1.030112359550562
79	0.9402014457307543
79.5	0.9351165962974992
80.0	0.9351165962974992
80.5	0.9351165962974992
81.0	0.9351165962974992
81.5	0.9351165962974992
82.0	0.9351165962974992
82.5	1.0011865524060646
83.0	1.0011865524060646
83.5	1.0011865524060646
84.0	1.0011865524060646
84.5	1.0011865524060646
85.0	1.0011865524060646
85.5	1.0659396039603959
86.0	1.0659396039603959
86.5	1.0659396039603959
87.0	1.0659396039603959
87.5	1.0659396039603959
88.0	1.0659396039603959
88.5	1.0659396039603959
89.0	1.0659396039603959
89.5	1.0659396039603959
90.0	1.0659396039603959
90.5	1.0659396039603959
91.0	1.0659396039603959
91.5	1.0659396039603959
92.0	1.0659396039603959
92.5	1.0659396039603959
93.0	1.0659396039603959
93.5	0.7062273920534764
94	0.6992824533087388
94.5	0.6992824533087388
95.0	0.6992824533087388
95.5	0.6992824533087388
96.0	0.6992824533087388
96.5	0.6992824533087388
97.0	0.6992824533087388
97.5	0.6992824533087388
98.0	0.6992824533087388
98.5	0.6992824533087388
99.0	0.6992824533087388
99.5	0.6992824533087388
100.0	0.6992824533087388
100.5	0.6992824533087388
101.0	0.6992824533087388
101.5	0.6992824533087388
102.0	0.6992824533087388
102.5	0.7375990396158463
103.0	0.7375990396158463
103.5	0.7375990396158463
104.0	0.7375990396158463
104.5	0.8479601706970128
105.0	0.8479601706970128
105.5	0.8479601706970128
106	1.0989249563699826
106.5	1.0989249563699826
107	1.094645946871534
107.5	1.093775956284153
108.0	1.093775956284153
108.5	1.093775956284153
109.0	1.093775956284153
109.5	1.093775956284153
110.0	1.093775956284153
110.5	1.233750827670326
111.0	1.233750827670326
111.5	1.233750827670326
112.0	1.233750827670326
112.5	1.233750827670326
113.0	1.233750827670326
113.5	1.233750827670326
114.0	1.233750827670326
114.5	1.233750827670326
115.0	1.233750827670326
115.5	1.233750827670326
116	1.398866142125686
116.5	1.4002759087066778
117.0	1.4002759087066778
117.5	1.4002759087066778
118.0	1.4002759087066778
118.5	1.4002759087066778
119.0	1.4002759087066778
119.5	1.4002759087066778
120.0	1.4002759087066778
120.5	1.4002759087066778
121.0	1.4002759087066778
121.5	1.4002759087066778
122	1.371683099719005
122.5	1.3703585976627712
123.0	1.3703585976627712
123.5	1.3703585976627712
124.0	1.3703585976627712
124.5	1.3703585976627712
125.0	1.3703585976627712
125.5	1.3703585976627712
126.0	1.3703585976627712
126.5	1.3703585976627712
127.0	1.3703585976627712
127.5	1.3703585976627712
128.0	1.3703585976627712
128.5	1.5277232449929192
129.0	1.5277232449929192
129.5	1.5277232449929192
130.0	1.5277232449929192
130.5	1.5277232449929192
131.0	1.5277232449929192
131.5	1.5277232449929192
132.0	1.5277232449929192
132.5	1.5277232449929192
133.0	1.5277232449929192
133.5	1.5461553090332805
134.0	1.5461553090332805
134.5	1.5461553090332805
135.0	1.5461553090332805
135.5	1.5461553090332805
136	1.5258475919528551
136.5	1.5258475919528551
137.0	1.5258475919528551
137.5	1.5258475919528551
138.0	1.5258475919528551
138.5	1.5258475919528551
139.0	1.5258475919528551
139.5	1.5258475919528551
140.0	1.5258475919528551
140.5	1.5258475919528551
141	1.378331437239287
141.5	1.378331437239287
142.0	1.378331437239287
142.5	1.378331437239287
143.0	1.378331437239287
143.5	1.378331437239287
144.0	1.378331437239287
144.5	1.378331437239287
145.0	1.378331437239287
145.5	1.378331437239287
146.0	1.378331437239287
146.5	1.3778671108643346
147.0	1.3778671108643346
147.5	1.3778671108643346
148.0	1.3778671108643346
148.5	1.3778671108643346
149.0	1.3778671108643346
149.5	1.3778671108643346
150.0	1.3778671108643346
150.5	1.3778671108643346
151.0	1.3778671108643346
151.5	1.3778671108643346
152	1.478536179381719
152.5	1.4836972624798712
153.0	1.4836972624798712
153.5	1.4836972624798712
154	1.514451461988304
154.5	1.514451461988304
155	1.5265177398160314
155.5	1.5265177398160314
156	1.4971169940222033
156.5	1.4971169940222033
157.0	1.4971169940222033
157.5	1.4971169940222033
158.0	1.4971169940222033
158.5	1.441554302893649
159.0	1.441554302893649
159.5	1.441554302893649
160.0	1.441554302893649
160.5	1.441554302893649
161.0	1.441554302893649
161.5	1.441554302893649
162.0	1.441554302893649
162.5	1.441554302893649
163.0	1.441554302893649
163.5	1.3636417843517608
164	1.3625584460631288
164.5	1.3625584460631288
165.0	1.3625584460631288
165.5	1.3625584460631288
166.0	1.3625584460631288
166.5	1.3625584460631288
167.0	1.3625584460631288
167.5	1.3625584460631288
168.0	1.3625584460631288
168.5	1.3625584460631288
169.0	1.3625584460631288
169.5	1.3739590655364895
170.0	1.3739590655364895
170.5	1.3739590655364895
171.0	1.3739590655364895
171.5	1.3739590655364895
172.0	1.3739590655364895
172.5	1.3739590655364895
173.0	1.3739590655364895
173.5	1.3739590655364895
174.0	1.3739590655364895
174.5	1.4287740029542098
175.0	1.4287740029542098
175.5	1.4287740029542098
176.0	1.4287740029542098
176.5	1.4287740029542098
177.0	1.4287740029542098
177.5	1.4287740029542098
178.0	1.4287740029542098
178.5	1.4287740029542098
179.0	1.4287740029542098
179.5	1.5199238578680203
180.0	1.5199238578680203
180.5	1.5199238578680203
181.0	1.5199238578680203
181.5	1.5199238578680203
182.0	1.5199238578680203
