0	1.0539188405797102
0.5	1.0539188405797102
1.0	1.0539188405797102
1.5	1.0604711650264098
2	1.061074168797954
2.5	1.061074168797954
3	1.0359777777777779
3.5	1.0359777777777779
4	1.0284698927352138
4.5	1.0276495867768594
5.0	1.0276495867768594
5.5	1.0797159372419487
6.0	1.0797159372419487
6.5	1.0797159372419487
7	1.1928122786304605
7.5	1.245657179496381
8	1.2488391038696538
8.5	1.2488391038696538
9	1.3547188544152746
9.5	1.3547188544152746
10.0	1.3547188544152746
10.5	1.3547188544152746
11.0	1.3547188544152746
11.5	1.3547188544152746
12.0	1.3547188544152746
12.5	1.3547188544152746
13	1.345693096646943
13.5	1.345693096646943
14.0	1.345693096646943
14.5	1.345693096646943
15.0	1.345693096646943
15.5	1.345693096646943
16.0	1.345693096646943
16.5	1.345693096646943
17.0	1.345693096646943
17.5	1.345693096646943
18.0	1.345693096646943
18.5	1.3254358230601886
19.0	1.3254358230601886
19.5	1.3254358230601886
20.0	1.3254358230601886
20.5	1.3254358230601886
21.0	1.3254358230601886
21.5	1.3254358230601886
22.0	1.3254358230601886
22.5	1.3254358230601886
23.0	1.3254358230601886
23.5	1.3254358230601886
24	1.3257894551225533
24.5	1.3257894551225533
25.0	1.3257894551225533
25.5	1.3257894551225533
26.0	1.3257894551225533
26.5	1.3257894551225533
27.0	1.3257894551225533
27.5	1.3257894551225533
28.0	1.3257894551225533
28.5	1.3257894551225533
29.0	1.3257894551225533
29.5	1.4366589629643371
30	1.4391027450980391
30.5	1.4391027450980391
31.0	1.4391027450980391
31.5	1.4391027450980391
32.0	1.4391027450980391
32.5	1.4391027450980391
33.0	1.4391027450980391
33.5	1.4391027450980391
34.0	1.4391027450980391
34.5	1.4391027450980391
35	1.3399624977887847
35.5	1.3399624977887847
36.0	1.3399624977887847
36.5	1.3399624977887847
37.0	1.3399624977887847
37.5	1.3399624977887847
38.0	1.3399624977887847
38.5	1.3399624977887847
39.0	1.3399624977887847
39.5	1.3399624977887847
40.0	1.3399624977887847
40.5	1.4272605105351988
41	1.4293452852956385
41.5	1.4293452852956385
42.0	1.4293452852956385
42.5	1.4293452852956385
43.0	1.4293452852956385
43.5	1.4293452852956385
44.0	1.4293452852956385
44.5	1.4293452852956385
45.0	1.4293452852956385
45.5	1.4293452852956385
46.0	1.4293452852956385
46.5	1.2339117702271447
47.0	1.2339117702271447
47.5	1.2339117702271447
48.0	1.2339117702271447
48.5	1.2339117702271447
49.0	1.2339117702271447
49.5	1.2339117702271447
50.0	1.2339117702271447
50.5	1.2339117702271447
51.0	1.2339117702271447
51.5	1.2339117702271447
52	1.3252036605060111
52.5	1.3252036605060111
53.0	1.3252036605060111
53.5	1.3252036605060111
54.0	1.3252036605060111
54.5	1.3252036605060111
55.0	1.3252036605060111
55.5	1.3252036605060111
56.0	1.3252036605060111
56.5	1.3252036605060111
57.0	1.3252036605060111
57.5	1.3218075420834383
58	1.3217252747252746
58.5	1.3217252747252746
59.0	1.3217252747252746
59.5	1.3217252747252746
60	1.226347718865598
60.5	1.226347718865598
61.0	1.226347718865598
61.5	1.226347718865598
62.0	1.226347718865598
62.5	1.203995547309833
63.0	1.203995547309833
63.5	1.203995547309833
64.0	1.203995547309833
64.5	1.203995547309833
65.0	1.203995547309833
65.5	1.1868460236886633
66.0	1.1868460236886633
66.5	1.1868460236886633
67.0	1.1868460236886633
67.5	1.2932643174919771
68	1.2996116015132408
68.5	1.2996116015132408
69.0	1.2996116015132408
69.5	1.2996116015132408
70.0	1.2996116015132408
70.5	1.468456571867794
71.0	1.468456571867794
71.5	1.468456571867794
72.0	1.468456571867794
72.5	1.468456571867794
73.0	1.468456571867794
73.5	1.468456571867794
74.0	1.468456571867794
74.5	1.468456571867794
75.0	1.468456571867794
75.5	1.4810112832281506
76.0	1.4810112832281506
76.5	1.4810112832281506
77.0	1.4810112832281506
77.5	1.4810112832281506
78.0	1.4810112832281506
78.5	1.4810112832281506
79.0	1.4810112832281506
79.5	1.4810112832281506
80.0	1.4810112832281506
80.5	1.4810112832281506
81	1.4048613901165126
81.5	1.4048613901165126
82.0	1.4048613901165126
82.5	1.4048613901165126
83.0	1.4048613901165126
83.5	1.4048613901165126
84.0	1.4048613901165126
84.5	1.4048613901165126
85.0	1.4048613901165126
85.5	1.4048613901165126
86	1.2581099824868651
86.5	1.2581099824868651
87.0	1.2581099824868651
87.5	1.2581099824868651
88.0	1.2581099824868651
88.5	1.2581099824868651
89.0	1.2581099824868651
89.5	1.2581099824868651
90.0	1.2581099824868651
90.5	1.2581099824868651
91.0	1.2581099824868651
91.5	1.2581099824868651
92	1.2584615384615385
92.5	1.2584615384615385
93.0	1.2584615384615385
93.5	1.2584615384615385
94.0	1.2584615384615385
94.5	1.2584615384615385
95.0	1.2584615384615385
95.5	1.2584615384615385
96.0	1.2584615384615385
96.5	1.2584615384615385
97.0	1.2584615384615385
97.5	1.4327855375525151
98	1.436902235568902
98.5	1.436902235568902
99.0	1.436902235568902
99.5	1.436902235568902
100.0	1.436902235568902
100.5	1.436902235568902
101.0	1.436902235568902
101.5	1.436902235568902
102.0	1.436902235568902
102.5	1.436902235568902
103.0	1.436902235568902
103.5	1.436902235568902
104	1.5046362098138748
104.5	1.3241810344827587
105.0	1.3241810344827587
105.5	1.3072476540187679
106.0	1.3072476540187679
106.5	1.3072476540187679
107.0	1.3072476540187679
107.5	1.3072476540187679
108	1.4688590466427471
108.5	1.4688590466427471
109.0	1.4688590466427471
109.5	1.4688590466427471
110	1.497230481533427
110.5	1.497230481533427
111.0	1.497230481533427
111.5	1.497230481533427
112	0.7245741950656249
112.5	0.7014559144045968
113.0	0.7014559144045968
113.5	0.7014559144045968
114.0	0.7014559144045968
114.5	0.7014559144045968
115.0	0.7014559144045968
115.5	0.7014559144045968
116.0	0.7014559144045968
116.5	0.7014559144045968
117.0	0.7014559144045968
117.5	0.7014559144045968
118.0	0.7014559144045968
118.5	0.7014559144045968
119.0	0.7014559144045968
119.5	0.7014559144045968
120.0	0.7014559144045968
120.5	0.7014559144045968
121.0	0.7014559144045968
121.5	0.7014559144045968
122.0	0.7014559144045968
122.5	1.0238111248454882
123.0	1.0238111248454882
123.5	1.0238111248454882
124.0	1.0238111248454882
124.5	1.0238111248454882
125.0	1.0238111248454882
125.5	1.0238111248454882
126.0	1.0238111248454882
126.5	1.0238111248454882
127.0	1.0238111248454882
127.5	1.0238111248454882
128.0	1.0238111248454882
128.5	1.0238111248454882
129.0	1.0238111248454882
129.5	1.0238111248454882
130.0	1.0238111248454882
130.5	1.0572026529108327
131.0	1.0572026529108327
131.5	1.0572026529108327
132	1.1438839689145681
132.5	1.1640691537761603
133.0	1.1640691537761603
133.5	1.1724721603563473
134.0	1.1724721603563473
134.5	1.181057142857143
135.0	1.181057142857143
135.5	0.9957135461604831
136.0	0.9957135461604831
136.5	0.9578677001711562
137	0.9534594264795607
137.5	0.9534594264795607
138.0	0.9534594264795607
138.5	0.9534594264795607
139.0	0.9534594264795607
139.5	0.9534594264795607
140	0.9252878881513953
140.5	0.9226924627166465
141.0	0.9226924627166465
141.5	0.9226924627166465
142.0	0.9226924627166465
142.5	0.9226924627166465
143.0	0.9226924627166465
143.5	0.9226924627166465
144.0	0.9226924627166465
144.5	0.9226924627166465
145.0	0.9226924627166465
145.5	0.9226924627166465
146.0	0.9226924627166465
146.5	0.9226924627166465
147.0	0.9226924627166465
147.5	0.9226924627166465
148	1.1011199140593528
148.5	1.1011199140593528
149.0	1.1011199140593528
149.5	1.1011199140593528
150.0	1.1011199140593528
150.5	1.1011199140593528
151.0	1.1011199140593528
151.5	1.1011199140593528
152.0	1.1011199140593528
152.5	1.1011199140593528
153.0	1.1011199140593528
153.5	1.1011199140593528
154.0	1.1011199140593528
154.5	1.1011199140593528
155.0	1.1011199140593528
155.5	1.050843337779754
156.0	1.050843337779754
156.5	1.050843337779754
157.0	1.050843337779754
157.5	1.050843337779754
158.0	1.050843337779754
158.5	1.050843337779754
159.0	1.050843337779754
159.5	1.050843337779754
160.0	1.050843337779754
160.5	1.050843337779754
161.0	1.050843337779754
161.5	1.050843337779754
162	1.233077137800753
162.5	1.2371825976500477
163.0	1.2371825976500477
163.5	1.2371825976500477
164.0	1.2371825976500477
164.5	1.2371825976500477
165.0	1.2371825976500477
165.5	1.2371825976500477
166.0	1.2371825976500477
166.5	1.2371825976500477
167.0	1.2371825976500477
167.5	1.2371825976500477
168.0	1.2371825976500477
168.5	1.153683741561256
169	1.1523712000000002
169.5	1.1523712000000002
170.0	1.1523712000000002
170.5	1.1523712000000002
171.0	1.1523712000000002
171.5	1.1523712000000002
172.0	1.1523712000000002
172.5	1.1523712000000002
173	1.0557255734781792
173.5	1.0530526315789472
174.0	1.0530526315789472
174.5	1.0387686496694997
175.0	1.0387686496694997
175.5	1.1063548016159477
176	1.126841255605381
176.5	1.126841255605381
177.0	1.126841255605381
177.5	1.126841255605381
178	1.3308602593286083
178.5	1.3374474199869366
179.0	1.3374474199869366
179.5	1.3374474199869366
