0	0.671471837488458
0.5	0.671471837488458
1.0	0.671471837488458
1.5	0.671471837488458
2.0	0.671471837488458
2.5	0.6775394665215025
3.0	0.6775394665215025
3.5	0.6775394665215025
4.0	0.6775394665215025
4.5	0.6752299336149669
5.0	0.6752299336149669
5.5	0.6752299336149669
6.0	0.6752299336149669
6.5	0.2287025933419165
7.0	0.2287025933419165
7.5	0.2287025933419165
8.0	0.2287025933419165
8.5	0.2287025933419165
9.0	0.2287025933419165
9.5	0.2287025933419165
10.0	0.2287025933419165
10.5	0.2287025933419165
11.0	0.2287025933419165
11.5	0.2287025933419165
12	0.18328231006447995
12.5	0.18328231006447995
13.0	0.18328231006447995
13.5	0.18328231006447995
14.0	0.18328231006447995
14.5	0.18328231006447995
15.0	0.18328231006447995
15.5	0.18328231006447995
16.0	0.18328231006447995
16.5	0.18328231006447995
17.0	0.18328231006447995
17.5	0.18328231006447995
18.0	0.18328231006447995
18.5	0.18328231006447995
19.0	0.18328231006447995
19.5	0.244627602905569
20.0	0.244627602905569
20.5	0.244627602905569
21.0	0.244627602905569
21.5	0.244627602905569
22.0	0.244627602905569
22.5	0.244627602905569
23.0	0.244627602905569
23.5	0.244627602905569
24	0.2450759392486011
24.5	0.2450759392486011
25.0	0.2450759392486011
25.5	0.2450759392486011
26.0	0.2450759392486011
26.5	0.2450759392486011
27.0	0.2450759392486011
27.5	0.2450759392486011
28.0	0.2450759392486011
28.5	0.2450759392486011
29	0.24738357565340782
29.5	0.24751592810108558
30.0	0.24751592810108558
30.5	0.24751592810108558
31.0	0.24751592810108558
31.5	0.24751592810108558
32.0	0.24751592810108558
32.5	0.24751592810108558
33.0	0.24751592810108558
33.5	0.24751592810108558
34.0	0.24751592810108558
34.5	0.24751592810108558
35	0.2575066621266923
35.5	0.2580098437834367
36.0	0.2580098437834367
36.5	0.2580098437834367
37.0	0.2580098437834367
37.5	0.2580098437834367
38.0	0.2580098437834367
38.5	0.2580098437834367
39.0	0.2580098437834367
39.5	0.2580098437834367
40	0.25939384823925876
40.5	0.2594637444625787
41.0	0.2594637444625787
41.5	0.2594637444625787
42.0	0.2594637444625787
42.5	0.2594637444625787
43.0	0.2594637444625787
43.5	0.2594637444625787
44.0	0.2594637444625787
44.5	0.21999150225132952
45	0.21696367112810708
45.5	0.21696367112810708
46.0	0.21696367112810708
46.5	0.21696367112810708
47.0	0.21696367112810708
47.5	0.21696367112810708
48.0	0.21696367112810708
48.5	0.21696367112810708
49.0	0.21696367112810708
49.5	0.21696367112810708
50	0.21414746826685485
50.5	0.21393800308271962
51.0	0.21393800308271962
51.5	0.21393800308271962
52.0	0.21393800308271962
52.5	0.21393800308271962
53.0	0.21393800308271962
53.5	0.21393800308271962
54.0	0.21393800308271962
54.5	0.21393800308271962
55.0	0.21393800308271962
55.5	0.21393800308271962
56.0	0.21393800308271962
56.5	0.2522495096116124
57.0	0.2522495096116124
57.5	0.2522495096116124
58.0	0.2522495096116124
58.5	0.2522495096116124
59.0	0.2522495096116124
59.5	0.2522495096116124
60.0	0.2522495096116124
60.5	0.2522495096116124
61.0	0.2522495096116124
61.5	0.4336149944778271
62	0.43934270006108733
62.5	0.43934270006108733
63.0	0.43934270006108733
63.5	0.43934270006108733
64.0	0.43934270006108733
64.5	0.43934270006108733
65	0.4447808190173226
65.5	0.4451362733412793
66.0	0.4451362733412793
66.5	0.4451362733412793
67.0	0.4451362733412793
67.5	0.4451362733412793
68	0.4101200889547813
68.5	0.4101200889547813
69.0	0.4101200889547813
69.5	0.4101200889547813
70.0	0.4101200889547813
70.5	0.4101200889547813
71	0.3967076710435384
71.5	0.3967076710435384
72.0	0.3967076710435384
72.5	0.3967076710435384
73.0	0.3967076710435384
73.5	0.3967076710435384
74	0.4191053913043479
74.5	0.4191053913043479
75.0	0.4191053913043479
75.5	0.4191053913043479
76.0	0.4191053913043479
76.5	0.4191053913043479
77	0.42859475218658893
77.5	0.42859475218658893
78.0	0.42859475218658893
78.5	0.42859475218658893
79.0	0.42859475218658893
79.5	0.42859475218658893
80.0	0.42859475218658893
80.5	0.4146607799852833
81.0	0.4146607799852833
81.5	0.4146607799852833
82.0	0.4146607799852833
82.5	0.4146607799852833
83	0.28695552942830527
83.5	0.2684904214559387
84.0	0.2684904214559387
84.5	0.2684904214559387
85.0	0.2684904214559387
85.5	0.2684904214559387
86.0	0.2684904214559387
86.5	0.2684904214559387
87.0	0.2684904214559387
87.5	0.2684904214559387
88.0	0.2684904214559387
88.5	0.2687877368533106
89.0	0.2687877368533106
89.5	0.2687877368533106
90.0	0.2687877368533106
90.5	0.2687877368533106
91.0	0.2687877368533106
91.5	0.2687877368533106
92.0	0.2687877368533106
92.5	0.2687877368533106
93	0.3150784274074381
93.5	0.3172268988872763
94.0	0.3172268988872763
94.5	0.3172268988872763
95.0	0.3172268988872763
95.5	0.3172268988872763
96.0	0.3172268988872763
96.5	0.3172268988872763
97.0	0.3172268988872763
97.5	0.39104493604613993
98	0.3948483327357476
98.5	0.3948483327357476
99.0	0.3948483327357476
99.5	0.3948483327357476
100.0	0.3948483327357476
100.5	0.3914374033147336
101	0.3912135954681773
101.5	0.3912135954681773
102.0	0.3912135954681773
102.5	0.3912135954681773
103.0	0.3912135954681773
103.5	0.3912135954681773
104	0.6299253196930946
104.5	0.6299253196930946
105.0	0.6299253196930946
105.5	0.6299253196930946
106	0.8555014697236919
106.5	0.8555014697236919
107.0	0.8555014697236919
107.5	0.8555014697236919
108	0.862502424830262
108.5	0.862502424830262
109	1.0223294509151415
109.5	1.0223294509151415
110.0	1.0223294509151415
110.5	0.8544170666666666
111.0	0.8544170666666666
111.5	0.8544170666666666
112.0	0.8544170666666666
112.5	0.8544170666666666
113.0	0.8544170666666666
113.5	0.8544170666666666
114	0.9410157964202828
114.5	0.9445028386050284
115.0	0.9445028386050284
115.5	0.9445028386050284
116.0	0.9445028386050284
116.5	0.9445028386050284
117.0	0.9445028386050284
117.5	0.9445028386050284
118.0	0.9445028386050284
118.5	0.9445028386050284
119.0	0.9445028386050284
119.5	0.9445028386050284
120.0	0.9445028386050284
120.5	0.9445028386050284
121.0	0.9445028386050284
121.5	0.8114113969599789
122	0.8096303679355318
122.5	0.8096303679355318
123.0	0.8096303679355318
123.5	0.8096303679355318
124.0	0.8096303679355318
124.5	0.8096303679355318
125.0	0.8096303679355318
125.5	0.8096303679355318
126.0	0.8096303679355318
126.5	0.8096303679355318
127.0	0.8096303679355318
127.5	0.8096303679355318
128.0	0.8096303679355318
128.5	0.8096303679355318
129.0	0.8096303679355318
129.5	0.8096303679355318
130.0	0.8096303679355318
130.5	0.8096303679355318
131	1.0230704000036066
131.5	1.0268046387154326
132.0	1.0268046387154326
132.5	1.0167589424572316
133.0	1.0167589424572316
133.5	1.0167589424572316
134	0.8358057224315243
134.5	0.8358057224315243
135.0	0.8358057224315243
135.5	0.8358057224315243
136.0	0.8358057224315243
136.5	0.8358057224315243
137.0	0.8358057224315243
137.5	0.8358057224315243
138.0	0.8358057224315243
138.5	0.8358057224315243
139.0	0.8358057224315243
139.5	0.8358057224315243
140.0	0.8358057224315243
140.5	0.8358057224315243
141.0	0.8358057224315243
141.5	0.8358057224315243
142.0	0.8358057224315243
142.5	0.8358057224315243
143.0	0.8358057224315243
143.5	0.8358057224315243
144	0.7442187318208261
144.5	0.7442187318208261
145.0	0.7442187318208261
145.5	0.7409429978888107
146.0	0.7409429978888107
146.5	0.7409429978888107
147	0.7438781923615863
147.5	0.744252063015754
148.0	0.744252063015754
148.5	0.6713886088147276
149	0.6624241628365068
149.5	0.6624241628365068
150.0	0.6624241628365068
150.5	0.6624241628365068
151.0	0.6624241628365068
151.5	0.6624241628365068
152.0	0.6624241628365068
152.5	0.6624241628365068
153.0	0.6624241628365068
153.5	0.7378281397544854
154.0	0.7378281397544854
154.5	0.7378281397544854
155.0	0.7378281397544854
155.5	0.7378281397544854
156.0	0.7378281397544854
156.5	0.7378281397544854
157.0	0.7378281397544854
157.5	0.7378281397544854
158	0.8873643178410795
158.5	0.8873643178410795
159.0	0.8873643178410795
159.5	0.7648035803083043
160.0	0.7648035803083043
160.5	0.7648035803083043
161.0	0.7648035803083043
161.5	0.7648035803083043
162.0	0.7648035803083043
162.5	0.7648035803083043
163.0	0.7648035803083043
163.5	0.7645072244985982
164.0	0.7645072244985982
164.5	0.7645072244985982
165.0	0.7645072244985982
165.5	0.7645072244985982
166.0	0.7645072244985982
166.5	0.7645072244985982
167.0	0.7645072244985982
167.5	0.7645072244985982
168.0	0.7645072244985982
168.5	0.7645072244985982
169.0	0.7645072244985982
169.5	0.7645072244985982
170.0	0.7645072244985982
170.5	0.7645072244985982
171.0	0.7645072244985982
171.5	0.7645072244985982
172.0	0.7645072244985982
172.5	0.7645072244985982
173	0.6948064516129032
173.5	0.6948064516129032
174.0	0.6948064516129032
174.5	0.6948064516129032
175	0.7111229377328366
175.5	0.7111229377328366
176.0	0.7111229377328366
176.5	0.7111229377328366
177	0.7263255813953489
177.5	0.7263255813953489
178.0	0.7263255813953489
178.5	0.7263255813953489
179	0.745817411967621
179.5	0.7492005657708628
180.0	0.7492005657708628
180.5	0.7492005657708628
181.0	0.7492005657708628
181.5	0.7492005657708628
182.0	0.7492005657708628
182.5	0.7492005657708628
183	0.8611569568197396
183.5	0.8611569568197396
184.0	0.8611569568197396
184.5	0.8611569568197396
185.0	0.8611569568197396
185.5	0.8611569568197396
186	1.3975495915985998
186.5	1.3975495915985998
187.0	1.3975495915985998
187.5	1.3975495915985998
188.0	1.3975495915985998
188.5	1.3975495915985998
189.0	1.3975495915985998
