0	3.2537091722595077
0.5	3.2501506439705743
1	3.2738056010491925
1.5	3.2130672268907565
2.0	3.2130672268907565
2.5	3.244506203473945
3	3.0824742664742666
3.5	3.0824742664742666
4.0	3.0824742664742666
4.5	3.0824742664742666
5	2.9636966560846565
5.5	2.956783673469388
6.0	2.956783673469388
6.5	2.956783673469388
7.0	2.956783673469388
7.5	2.956783673469388
8	4.375397627643115
8.5	4.375397627643115
9.0	4.375397627643115
9.5	4.375397627643115
10	4.3238895608729955
10.5	4.3238895608729955
11.0	4.3238895608729955
11.5	4.3238895608729955
12.0	4.3238895608729955
12.5	4.3238895608729955
13.0	4.3238895608729955
13.5	4.392711796558592
14	4.394430995188655
14.5	4.394430995188655
15.0	4.394430995188655
15.5	4.394430995188655
16.0	4.394430995188655
16.5	4.394430995188655
17.0	4.394430995188655
17.5	4.122950756856507
18	4.119444681355129
18.5	4.119444681355129
19.0	4.119444681355129
19.5	4.119444681355129
20.0	4.119444681355129
20.5	4.119444681355129
21.0	4.119444681355129
21.5	4.119444681355129
22	4.01422816229117
22.5	4.01422816229117
23.0	4.01422816229117
23.5	4.01422816229117
24.0	4.01422816229117
24.5	4.01422816229117
25.0	4.01422816229117
25.5	4.01422816229117
26	5.096969565340132
26.5	5.124877935633517
27.0	5.124877935633517
27.5	5.124877935633517
28.0	5.124877935633517
28.5	5.124877935633517
29.0	5.124877935633517
29.5	5.124877935633517
30	4.291138142385668
30.5	4.291138142385668
31.0	4.291138142385668
31.5	4.291138142385668
32.0	4.291138142385668
32.5	4.291138142385668
33.0	4.291138142385668
33.5	4.291138142385668
34	4.383385792349727
34.5	4.383385792349727
35.0	4.383385792349727
35.5	4.383385792349727
36.0	4.383385792349727
36.5	4.383385792349727
37.0	4.383385792349727
37.5	4.383385792349727
38	4.301739695228579
38.5	4.301739695228579
39.0	4.301739695228579
39.5	4.301739695228579
40.0	4.301739695228579
40.5	4.301739695228579
41.0	4.301739695228579
41.5	4.301739695228579
42	3.6848746731040034
42.5	3.6848746731040034
43.0	3.6848746731040034
43.5	3.6848746731040034
44.0	3.6848746731040034
44.5	3.6848746731040034
45.0	3.6848746731040034
45.5	3.6848746731040034
46.0	3.6848746731040034
46.5	3.6848746731040034
47	3.2420495867768597
47.5	3.2420495867768597
48.0	3.2420495867768597
48.5	3.2420495867768597
49.0	3.2420495867768597
49.5	3.2420495867768597
50.0	3.2420495867768597
50.5	3.2420495867768597
51.0	3.2420495867768597
51.5	3.2420495867768597
52	4.904197730765996
52.5	4.941810292072322
53.0	4.941810292072322
53.5	4.941810292072322
54.0	4.941810292072322
54.5	4.941810292072322
55.0	4.941810292072322
55.5	4.941810292072322
56	4.764935653134493
56.5	4.764935653134493
57.0	4.764935653134493
57.5	4.764935653134493
58.0	4.764935653134493
58.5	4.764935653134493
59.0	4.764935653134493
59.5	4.116435136988475
60	4.102107591754651
60.5	4.102107591754651
61.0	4.102107591754651
61.5	4.102107591754651
62.0	4.102107591754651
62.5	4.102107591754651
63.0	4.102107591754651
63.5	3.7260230999743844
64	3.7141109215017063
64.5	3.7141109215017063
65.0	3.7141109215017063
65.5	3.7141109215017063
66.0	3.7141109215017063
66.5	3.7141109215017063
67.0	3.7141109215017063
67.5	3.7141109215017063
68.0	3.7141109215017063
68.5	3.9669749999999997
69.0	3.9669749999999997
69.5	3.9669749999999997
70.0	3.9669749999999997
70.5	3.9669749999999997
71.0	3.9669749999999997
71.5	3.9669749999999997
72.0	3.9669749999999997
72.5	3.9669749999999997
73	3.4374951567843675
73.5	3.423194473518945
74.0	3.423194473518945
74.5	3.423194473518945
75.0	3.423194473518945
75.5	3.423194473518945
76.0	3.423194473518945
76.5	3.423194473518945
77.0	3.423194473518945
77.5	3.423194473518945
78	5.060549609487995
78.5	5.060549609487995
79.0	5.060549609487995
79.5	5.060549609487995
80.0	5.060549609487995
80.5	5.060549609487995
81.0	5.060549609487995
81.5	5.137412928194425
82	5.142549007633588
82.5	5.142549007633588
83.0	5.142549007633588
83.5	5.142549007633588
84.0	5.142549007633588
84.5	5.142549007633588
85	4.870318678526049
85.5	4.870318678526049
86.0	4.870318678526049
86.5	4.870318678526049
87.0	4.870318678526049
87.5	4.870318678526049
88.0	4.870318678526049
88.5	4.870318678526049
89	4.666188701567584
89.5	4.666188701567584
90.0	4.666188701567584
90.5	4.666188701567584
91.0	4.666188701567584
91.5	4.666188701567584
92.0	4.666188701567584
92.5	5.206375609756098
93.0	5.206375609756098
93.5	5.206375609756098
94.0	5.206375609756098
94.5	5.206375609756098
95.0	5.206375609756098
95.5	5.206375609756098
96	5.154248288181006
96.5	5.154248288181006
97.0	5.154248288181006
97.5	5.154248288181006
98.0	5.154248288181006
98.5	5.154248288181006
99.0	5.154248288181006
99.5	5.028418798334324
100.0	5.028418798334324
100.5	5.028418798334324
101.0	5.028418798334324
101.5	5.028418798334324
102.0	5.028418798334324
102.5	5.028418798334324
103	5.657825485676654
103.5	5.657825485676654
104.0	5.657825485676654
104.5	5.657825485676654
105.0	5.657825485676654
105.5	5.657825485676654
106	5.788834874504623
106.5	5.788834874504623
107.0	5.788834874504623
107.5	5.788834874504623
108.0	5.788834874504623
108.5	5.788834874504623
109	5.147464265616207
109.5	5.147464265616207
110.0	5.147464265616207
110.5	5.147464265616207
111.0	5.147464265616207
111.5	5.147464265616207
112.0	5.147464265616207
112.5	5.311120597831743
113	5.322080138368405
113.5	5.322080138368405
114.0	5.322080138368405
114.5	5.322080138368405
115.0	5.322080138368405
115.5	5.322080138368405
116.0	5.322080138368405
116.5	5.918420979986197
117.0	5.918420979986197
117.5	5.918420979986197
118.0	5.918420979986197
118.5	5.918420979986197
119.0	5.918420979986197
119.5	5.638123348017621
120.0	5.638123348017621
120.5	5.638123348017621
121.0	5.638123348017621
121.5	5.638123348017621
122	5.061796110783736
122.5	5.061796110783736
123.0	5.061796110783736
123.5	5.061796110783736
124.0	5.061796110783736
124.5	5.061796110783736
125.0	5.061796110783736
125.5	4.501835443037975
126.0	4.501835443037975
126.5	4.501835443037975
127.0	4.501835443037975
127.5	4.501835443037975
128.0	4.501835443037975
128.5	4.501835443037975
129.0	4.501835443037975
129.5	4.797138865604918
130.0	4.797138865604918
130.5	4.797138865604918
131.0	4.797138865604918
131.5	4.797138865604918
132.0	4.797138865604918
132.5	4.797138865604918
133	4.941679392576704
133.5	4.946606451612904
134.0	4.946606451612904
134.5	4.946606451612904
135.0	4.946606451612904
135.5	4.946606451612904
136.0	4.946606451612904
136.5	4.88738031830087
137	4.885817165222254
137.5	4.885817165222254
138.0	4.885817165222254
138.5	4.885817165222254
139.0	4.885817165222254
139.5	4.885817165222254
140.0	4.885817165222254
140.5	4.323847172694855
141.0	4.323847172694855
141.5	4.323847172694855
142.0	4.323847172694855
142.5	4.323847172694855
143.0	4.323847172694855
143.5	4.323847172694855
144.0	4.323847172694855
144.5	3.3495879245283016
145.0	3.3495879245283016
145.5	3.3495879245283016
146.0	3.3495879245283016
146.5	3.3495879245283016
147.0	3.3495879245283016
147.5	3.3495879245283016
148.0	3.3495879245283016
148.5	3.3495879245283016
149.0	3.3495879245283016
149.5	3.3495879245283016
150	3.927818853974122
150.5	3.927818853974122
151.0	3.927818853974122
151.5	3.927818853974122
152.0	3.927818853974122
152.5	3.927818853974122
153.0	3.927818853974122
153.5	3.927818853974122
154.0	3.927818853974122
154.5	5.197237709658762
155.0	5.197237709658762
155.5	5.197237709658762
156.0	5.197237709658762
156.5	5.197237709658762
157.0	5.197237709658762
157.5	5.197237709658762
158	4.935237496067947
158.5	4.935237496067947
159.0	4.935237496067947
159.5	4.935237496067947
160.0	4.935237496067947
160.5	4.935237496067947
161	5.091697766361133
161.5	5.097603784742756
162.0	5.097603784742756
162.5	5.097603784742756
163.0	5.097603784742756
163.5	5.097603784742756
164.0	5.097603784742756
164.5	4.986127629819427
165	4.982304083405734
165.5	4.982304083405734
166.0	4.982304083405734
166.5	4.982304083405734
