0	6.641132420091324
0.5	6.566219701095195
1	6.5115916473317865
1.5	6.5220469083155646
2	4.1133889016808665
2.5	4.1133889016808665
3.0	4.1133889016808665
3.5	4.1133889016808665
4.0	4.1133889016808665
4.5	4.1133889016808665
5.0	4.1133889016808665
5.5	4.1133889016808665
6	4.646026691128581
6.5	4.653385260635111
7.0	4.653385260635111
7.5	4.653385260635111
8.0	4.653385260635111
8.5	4.653385260635111
9.0	4.653385260635111
9.5	4.601514262863237
10.0	4.601514262863237
10.5	4.601514262863237
11.0	4.601514262863237
11.5	4.601514262863237
12.0	4.601514262863237
12.5	4.601514262863237
13.0	4.601514262863237
13.5	6.728378993756885
14.0	6.728378993756885
14.5	6.728378993756885
15.0	6.728378993756885
15.5	6.728378993756885
16	6.717518097551846
16.5	6.717218954248366
17.0	6.717218954248366
17.5	6.717218954248366
18.0	6.717218954248366
18.5	6.8296940120992415
19	6.832129133858268
19.5	6.832129133858268
20.0	6.832129133858268
20.5	6.832129133858268
21.0	6.832129133858268
21.5	6.834974842767296
22.0	6.834974842767296
22.5	6.834974842767296
23.0	6.834974842767296
23.5	6.834974842767296
24	6.790317319337909
24.5	6.790317319337909
25.0	6.790317319337909
25.5	6.790317319337909
26.0	6.790317319337909
26.5	6.787904761904762
27.0	6.787904761904762
27.5	6.787904761904762
28.0	6.787904761904762
28.5	6.787904761904762
29.0	6.787904761904762
29.5	6.78710216256525
30.0	6.78710216256525
30.5	6.78710216256525
31.0	6.78710216256525
31.5	6.78710216256525
32	6.791991488802095
32.5	6.792206604572396
33.0	6.792206604572396
33.5	6.792206604572396
34.0	6.792206604572396
34.5	6.792845759368836
35.0	6.792845759368836
35.5	6.792845759368836
36.0	6.792845759368836
36.5	6.792845759368836
37	6.82390989212133
37.5	6.824706408345753
38.0	6.824706408345753
38.5	6.824706408345753
39.0	6.824706408345753
39.5	6.824706408345753
40	6.8224
40.5	6.8224
41.0	6.8224
41.5	6.8224
42.0	6.8224
42.5	6.597032305978463
43.0	6.597032305978463
43.5	6.597032305978463
44.0	6.597032305978463
44.5	6.597032305978463
45	6.554588238479449
45.5	6.5529175845043675
46.0	6.5529175845043675
46.5	6.5529175845043675
47.0	6.5529175845043675
47.5	6.5529175845043675
48	6.485764705882353
48.5	6.485764705882353
49.0	6.485764705882353
49.5	6.485764705882353
50.0	6.485764705882353
50.5	6.386557445044343
51	6.3755957524716225
51.5	6.3755957524716225
52.0	6.3755957524716225
52.5	6.3755957524716225
53.0	6.3755957524716225
53.5	6.331331670822943
54.0	6.331331670822943
54.5	6.331331670822943
55.0	6.331331670822943
55.5	6.331331670822943
56.0	6.331331670822943
56.5	5.638827586206896
57.0	5.638827586206896
57.5	5.638827586206896
58.0	5.638827586206896
58.5	5.638827586206896
59.0	5.638827586206896
59.5	4.155420427553444
60.0	4.155420427553444
60.5	4.155420427553444
61.0	4.155420427553444
61.5	4.155420427553444
62.0	4.155420427553444
62.5	4.155420427553444
63.0	4.155420427553444
63.5	4.155420427553444
64	4.158480987654321
64.5	4.158480987654321
65.0	4.158480987654321
65.5	4.158480987654321
66.0	4.158480987654321
66.5	4.158480987654321
67.0	4.158480987654321
67.5	4.158480987654321
68	4.706459724950884
68.5	4.706459724950884
69.0	4.706459724950884
69.5	4.706459724950884
70.0	4.706459724950884
70.5	4.706459724950884
71.0	4.706459724950884
71.5	4.706459724950884
72	4.802552207001522
72.5	4.802552207001522
73.0	4.802552207001522
73.5	4.802552207001522
74.0	4.802552207001522
74.5	4.802552207001522
75.0	4.802552207001522
75.5	4.009606010800657
76.0	4.009606010800657
76.5	4.009606010800657
77.0	4.009606010800657
77.5	4.009606010800657
78.0	4.009606010800657
78.5	4.009606010800657
79.0	4.009606010800657
79.5	4.009606010800657
80	3.5904437992534217
80.5	3.5904437992534217
81.0	3.5904437992534217
81.5	3.5904437992534217
82.0	3.5904437992534217
82.5	3.5904437992534217
83.0	3.5904437992534217
83.5	3.5904437992534217
84.0	3.5904437992534217
84.5	3.6067602771701055
85	3.6076705078958597
85.5	3.6076705078958597
86.0	3.6076705078958597
86.5	3.6076705078958597
87.0	3.6076705078958597
87.5	3.6076705078958597
88.0	3.6076705078958597
88.5	3.6076705078958597
89.0	3.6076705078958597
89.5	3.6562008268725976
90	3.6574746700723715
90.5	3.6574746700723715
91.0	3.6574746700723715
91.5	3.6574746700723715
92.0	3.6574746700723715
92.5	3.6574746700723715
93.0	3.6574746700723715
93.5	3.6574746700723715
94.0	3.6574746700723715
94.5	3.5794551766387586
95.0	3.5794551766387586
95.5	3.5794551766387586
96.0	3.5794551766387586
96.5	3.5794551766387586
97.0	3.5794551766387586
97.5	3.5794551766387586
98.0	3.5794551766387586
98.5	3.5794551766387586
99.0	3.5794551766387586
99.5	1.7988287118977384
100.0	1.7988287118977384
100.5	1.7988287118977384
101.0	1.7988287118977384
101.5	1.7988287118977384
102.0	1.7988287118977384
102.5	1.7988287118977384
103.0	1.7988287118977384
103.5	1.7988287118977384
104.0	1.7988287118977384
104.5	1.7988287118977384
105.0	1.7988287118977384
105.5	1.7988287118977384
106.0	1.7988287118977384
106.5	1.7988287118977384
107.0	1.7988287118977384
107.5	1.7988287118977384
108.0	1.7988287118977384
108.5	1.7988287118977384
109.0	1.7988287118977384
109.5	4.7320503309018855
110	4.771852158180408
110.5	4.771852158180408
111.0	4.771852158180408
111.5	4.771852158180408
112.0	4.771852158180408
112.5	4.771852158180408
113.0	4.771852158180408
113.5	3.954225402239734
114	3.928443426477325
114.5	3.928443426477325
115.0	3.928443426477325
115.5	3.928443426477325
116.0	3.928443426477325
116.5	3.928443426477325
117.0	3.928443426477325
117.5	3.928443426477325
118	2.9500301906700894
118.5	2.941066258138644
119.0	2.941066258138644
119.5	2.941066258138644
120.0	2.941066258138644
120.5	2.941066258138644
121.0	2.941066258138644
121.5	2.941066258138644
122.0	2.941066258138644
122.5	2.941066258138644
123.0	2.941066258138644
123.5	2.7256442963668097
124.0	2.7256442963668097
124.5	2.7256442963668097
125.0	2.7256442963668097
125.5	2.7256442963668097
126.0	2.7256442963668097
126.5	2.7256442963668097
127.0	2.7256442963668097
127.5	2.7256442963668097
128.0	2.7256442963668097
128.5	2.7256442963668097
129.0	2.7256442963668097
129.5	2.7256442963668097
130	3.230077578051088
130.5	3.230077578051088
131.0	3.230077578051088
131.5	3.230077578051088
132.0	3.230077578051088
132.5	3.230077578051088
133.0	3.230077578051088
133.5	3.230077578051088
134.0	3.230077578051088
134.5	3.230077578051088
135	2.1568397129581878
135.5	2.095308762509153
136.0	2.095308762509153
136.5	2.095308762509153
137.0	2.095308762509153
137.5	2.095308762509153
138.0	2.095308762509153
138.5	2.095308762509153
139.0	2.095308762509153
139.5	2.095308762509153
140.0	2.095308762509153
140.5	2.095308762509153
141.0	2.095308762509153
141.5	2.095308762509153
142.0	2.095308762509153
142.5	2.095308762509153
143.0	2.095308762509153
143.5	1.5835743305026777
144	1.5749559082892417
144.5	1.5749559082892417
145.0	1.5749559082892417
145.5	1.5749559082892417
146.0	1.5749559082892417
146.5	1.5749559082892417
147.0	1.5749559082892417
147.5	1.5749559082892417
148.0	1.5749559082892417
148.5	1.5749559082892417
149.0	1.5749559082892417
149.5	1.5749559082892417
150.0	1.5749559082892417
150.5	2.219592522830457
151	2.22887741234031
151.5	2.22887741234031
152.0	2.22887741234031
152.5	2.22887741234031
153.0	2.22887741234031
153.5	2.22887741234031
154.0	2.22887741234031
154.5	2.1977805331680096
155.0	2.1977805331680096
155.5	2.1977805331680096
156.0	2.1977805331680096
156.5	2.1977805331680096
157.0	2.1977805331680096
157.5	2.1977805331680096
158	2.0816927598183272
158.5	2.0816927598183272
159.0	2.0816927598183272
159.5	2.0816927598183272
160.0	2.0816927598183272
160.5	2.0816927598183272
161.0	2.0816927598183272
161.5	1.6481099892588613
162.0	1.6481099892588613
162.5	1.6481099892588613
163.0	1.6481099892588613
163.5	1.6481099892588613
164.0	1.6481099892588613
164.5	1.6481099892588613
165.0	1.6481099892588613
165.5	1.6481099892588613
166.0	1.6481099892588613
166.5	1.7900460241512874
167.0	1.7900460241512874
167.5	1.7900460241512874
168.0	1.7900460241512874
168.5	1.7900460241512874
169.0	1.7900460241512874
169.5	1.7900460241512874
170.0	1.7900460241512874
170.5	1.7900460241512874
171	1.9141244239631336
171.5	1.9141244239631336
172.0	1.9141244239631336
172.5	1.9141244239631336
173.0	1.9141244239631336
173.5	1.9141244239631336
174.0	1.9141244239631336
174.5	2.042521870286576
175.0	2.042521870286576
175.5	2.042521870286576
176.0	2.042521870286576
176.5	2.042521870286576
177.0	2.042521870286576
177.5	2.042521870286576
178	3.5278350515463917
178.5	3.5278350515463917
