0	1.7397224880382776
0.5	1.7397224880382776
1	1.7554866008462622
1.5	1.7554866008462622
2	1.7647570977917981
2.5	1.7301131221719457
3.0	1.7301131221719457
3.5	1.7301131221719457
4.0	1.7301131221719457
4.5	1.7433813333333332
5.0	1.7433813333333332
5.5	1.6733499671700591
6.0	1.6733499671700591
6.5	1.6733499671700591
7	0.859224291305895
7.5	0.859224291305895
8.0	0.859224291305895
8.5	0.859224291305895
9.0	0.859224291305895
9.5	0.859224291305895
10.0	0.859224291305895
10.5	0.859224291305895
11.0	0.859224291305895
11.5	0.859224291305895
12.0	0.859224291305895
12.5	0.859224291305895
13.0	0.859224291305895
13.5	0.859224291305895
14.0	0.859224291305895
14.5	0.859224291305895
15.0	0.859224291305895
15.5	1.5851823617339311
16.0	1.5851823617339311
16.5	1.5851823617339311
17.0	1.5851823617339311
17.5	1.5851823617339311
18.0	1.5851823617339311
18.5	1.5851823617339311
19.0	1.5851823617339311
19.5	1.5851823617339311
20.0	1.5851823617339311
20.5	1.5851823617339311
21	1.1126327462491845
21.5	1.1126327462491845
22.0	1.1126327462491845
22.5	1.1126327462491845
23.0	1.1126327462491845
23.5	1.1126327462491845
24.0	1.1126327462491845
24.5	1.1126327462491845
25.0	1.1126327462491845
25.5	1.1126327462491845
26.0	1.1126327462491845
26.5	1.1126327462491845
27	1.502892529483029
27.5	1.5121207859358843
28.0	1.5121207859358843
28.5	1.5121207859358843
29.0	1.5121207859358843
29.5	1.5121207859358843
30.0	1.5121207859358843
30.5	1.5121207859358843
31.0	1.5121207859358843
31.5	1.5121207859358843
32	1.4315597867479055
32.5	1.4315597867479055
33.0	1.4315597867479055
33.5	1.4315597867479055
34.0	1.4315597867479055
34.5	1.4315597867479055
35.0	1.4315597867479055
35.5	1.4315597867479055
36.0	1.4315597867479055
36.5	1.4315597867479055
37.0	1.4315597867479055
37.5	1.9478301486199576
38.0	1.9478301486199576
38.5	1.9478301486199576
39.0	1.9478301486199576
39.5	1.9478301486199576
40.0	1.9478301486199576
40.5	1.9478301486199576
41.0	1.9478301486199576
41.5	1.3465633507853403
42.0	1.3465633507853403
42.5	1.5425086551264982
43.0	1.5425086551264982
43.5	1.5425086551264982
44.0	1.5425086551264982
44.5	1.5425086551264982
45	2.0064731080437888
45.5	2.0064731080437888
46.0	2.0064731080437888
46.5	2.0064731080437888
47	1.8048289345063537
47.5	1.8048289345063537
48.0	1.8048289345063537
48.5	1.8048289345063537
49.0	1.8048289345063537
49.5	1.8048289345063537
50.0	1.8048289345063537
50.5	1.8048289345063537
51.0	1.8048289345063537
51.5	1.663138064516129
52.0	1.663138064516129
52.5	1.663138064516129
53.0	1.663138064516129
53.5	1.663138064516129
54.0	1.663138064516129
54.5	1.663138064516129
55.0	1.663138064516129
55.5	1.663138064516129
56	1.5897940318599957
56.5	1.5897940318599957
57.0	1.5897940318599957
57.5	1.5897940318599957
58.0	1.5897940318599957
58.5	1.5897940318599957
59.0	1.5897940318599957
59.5	1.5897940318599957
60.0	1.5897940318599957
60.5	0.8769882352941176
61.0	0.8769882352941176
61.5	0.8769882352941176
62.0	0.8769882352941176
62.5	0.8769882352941176
63.0	0.8769882352941176
63.5	0.8769882352941176
64.0	0.8769882352941176
64.5	0.8769882352941176
65.0	0.8769882352941176
65.5	0.8769882352941176
66.0	0.8769882352941176
66.5	0.8769882352941176
67.0	0.8769882352941176
67.5	0.8769882352941176
68.0	0.8769882352941176
68.5	0.8769882352941176
69.0	0.8769882352941176
69.5	0.7142083136845178
70	0.7124197218710493
70.5	0.7124197218710493
71.0	0.7124197218710493
71.5	0.9606763137852247
72.0	0.9606763137852247
72.5	0.9606763137852247
73	1.7130203527815469
73.5	1.7130203527815469
74	1.1286842897055662
74.5	1.1286842897055662
75.0	1.1286842897055662
75.5	1.1286842897055662
76.0	1.1286842897055662
76.5	1.1286842897055662
77.0	1.1286842897055662
77.5	1.1286842897055662
78.0	1.1286842897055662
78.5	0.4145809336571529
79	0.3726831867839062
79.5	0.3726831867839062
80.0	0.3726831867839062
80.5	0.3726831867839062
81.0	0.3726831867839062
81.5	0.3726831867839062
82.0	0.3726831867839062
82.5	0.3726831867839062
83.0	0.3726831867839062
83.5	0.3726831867839062
84.0	0.3726831867839062
84.5	0.3726831867839062
85.0	0.3726831867839062
85.5	0.3726831867839062
86.0	0.3726831867839062
86.5	0.3726831867839062
87.0	0.3726831867839062
87.5	0.3726831867839062
88.0	0.3726831867839062
88.5	0.3726831867839062
89.0	0.3726831867839062
89.5	0.3726831867839062
90.0	0.3726831867839062
90.5	0.3726831867839062
91.0	0.3726831867839062
91.5	0.3726831867839062
92.0	0.3726831867839062
92.5	0.3726831867839062
93.0	0.3726831867839062
93.5	0.3726831867839062
94.0	0.3726831867839062
94.5	0.3726831867839062
95.0	0.3726831867839062
95.5	0.3726831867839062
96.0	0.3726831867839062
96.5	0.3726831867839062
97.0	0.3726831867839062
97.5	0.3726831867839062
98	1.2332268907563024
98.5	1.2332268907563024
99	1.2426881937436933
99.5	1.2426881937436933
100	0.7257895261845386
100.5	0.7257895261845386
101.0	0.7257895261845386
101.5	0.7257895261845386
102	0.5225810013683622
102.5	0.50525
103.0	0.50525
103.5	0.50525
104	0.5036229508196721
104.5	0.5036229508196721
105.0	0.5036229508196721
105.5	0.5036229508196721
106.0	0.5036229508196721
106.5	0.7708173706357998
107	0.7897618930244023
107.5	0.7897618930244023
108.0	0.7897618930244023
108.5	0.7897618930244023
109.0	0.7897618930244023
109.5	0.7897618930244023
110.0	0.7897618930244023
110.5	0.7897618930244023
111	1.0988282208588958
111.5	1.0988282208588958
112.0	1.0988282208588958
112.5	1.0988282208588958
113.0	1.0988282208588958
113.5	1.2048818660647103
114.0	1.2048818660647103
114.5	1.2048818660647103
115.0	1.2048818660647103
115.5	1.2048818660647103
116.0	2.018121603538955
116.5	2.113580895522388
117.0	2.113580895522388
117.5	2.113580895522388
118.0	2.113580895522388
118.5	2.113580895522388
119.0	2.113580895522388
119.5	2.113580895522388
120	2.2319137698733496
120.5	2.2319137698733496
121.0	2.2319137698733496
121.5	2.2319137698733496
122.0	2.2319137698733496
122.5	2.2319137698733496
123.0	2.2319137698733496
123.5	1.0025428631277393
124	0.9584829518916395
124.5	0.9584829518916395
125.0	0.9584829518916395
125.5	0.9584829518916395
126.0	0.9584829518916395
126.5	0.9584829518916395
127.0	0.9584829518916395
127.5	0.9584829518916395
128.0	0.9584829518916395
128.5	0.9584829518916395
129.0	0.9584829518916395
129.5	0.9584829518916395
130.0	0.9584829518916395
130.5	0.9584829518916395
131.0	0.9584829518916395
131.5	0.9584829518916395
132.0	0.9584829518916395
132.5	0.938778717056191
133.0	0.938778717056191
133.5	0.938778717056191
134.0	0.938778717056191
134.5	0.938778717056191
135.0	0.938778717056191
135.5	0.938778717056191
136.0	0.938778717056191
136.5	0.938778717056191
137.0	0.938778717056191
137.5	0.938778717056191
138.0	0.938778717056191
138.5	0.938778717056191
139.0	0.938778717056191
139.5	0.938778717056191
140.0	0.938778717056191
140.5	1.474139534883721
141.0	1.474139534883721
141.5	1.474139534883721
142.0	1.474139534883721
142.5	1.474139534883721
143.0	1.474139534883721
143.5	1.474139534883721
144.0	1.474139534883721
144.5	1.4387231270358307
145.0	1.4387231270358307
145.5	1.4387231270358307
146.0	1.4387231270358307
146.5	1.4387231270358307
147.0	1.4387231270358307
147.5	1.4387231270358307
148.0	1.4387231270358307
148.5	1.4387231270358307
149.0	1.4387231270358307
149.5	1.4387231270358307
150	1.730182908545727
150.5	1.3575985116922396
151	1.2738089171974523
151.5	0.8594872405248034
152	0.8260600139567341
152.5	0.8260600139567341
153	0.5276592812336083
153.5	0.49350874378309
154.0	0.49350874378309
154.5	0.49350874378309
155.0	0.49350874378309
155.5	0.49350874378309
156.0	0.49350874378309
156.5	0.49350874378309
157.0	0.49350874378309
157.5	0.49350874378309
158.0	0.49350874378309
158.5	0.49350874378309
159.0	0.49350874378309
159.5	0.4125971487555056
160	0.40911819681143485
160.5	0.40911819681143485
161.0	0.40911819681143485
161.5	0.40911819681143485
162.0	0.40911819681143485
162.5	0.40911819681143485
163.0	0.40911819681143485
163.5	0.40911819681143485
164.0	0.40911819681143485
164.5	0.40911819681143485
165.0	0.40911819681143485
165.5	0.40911819681143485
166.0	0.40911819681143485
166.5	0.40911819681143485
167	0.5248908916697645
167.5	0.5277549770290965
168.0	0.5277549770290965
168.5	0.5277549770290965
169.0	0.5277549770290965
169.5	0.5277549770290965
170	1.2258715596330276
170.5	1.2258715596330276
171	1.2296994893076854
171.5	1.2300787704130645
172.0	1.2300787704130645
172.5	1.0204601113172542
173.0	1.0204601113172542
173.5	0.8785099192791357
174	0.8574412451361868
174.5	0.8574412451361868
175.0	0.8574412451361868
175.5	0.8574412451361868
176.0	0.8574412451361868
176.5	0.8574412451361868
177.0	0.8574412451361868
177.5	0.8574412451361868
178.0	0.8574412451361868
178.5	0.8574412451361868
179	0.524961648038571
179.5	0.524961648038571
180.0	0.524961648038571
180.5	0.524961648038571
181.0	0.524961648038571
181.5	0.524961648038571
182.0	0.524961648038571
182.5	0.524961648038571
183.0	0.524961648038571
183.5	0.524961648038571
184.0	0.524961648038571
184.5	0.524961648038571
185.0	0.524961648038571
185.5	0.524961648038571
186.0	0.524961648038571
186.5	0.524961648038571
187.0	0.524961648038571
187.5	0.524961648038571
188.0	0.524961648038571
