0	0.809353366722315
0.5	0.809353366722315
1.0	0.809353366722315
1.5	0.809353366722315
2	0.8150884086444008
2.5	0.8150884086444008
3.0	0.8150884086444008
3.5	0.8080192673837702
4	0.8072554112554112
4.5	0.8072554112554112
5.0	0.8072554112554112
5.5	0.8143130320890636
6.0	0.8143130320890636
6.5	0.8143130320890636
7	0.8387017318794099
7.5	0.8387017318794099
8.0	0.8387017318794099
8.5	0.9794652997401736
9	0.9914739941118744
9.5	0.9914739941118744
10	1.0185714285714285
10.5	1.0185714285714285
11	0.8540405372405372
11.5	0.8540405372405372
12.0	0.8540405372405372
12.5	0.8540405372405372
13.0	0.8540405372405372
13.5	0.8540405372405372
14.0	0.8540405372405372
14.5	0.8540405372405372
15.0	0.8540405372405372
15.5	0.8253888216791677
16.0	0.8253888216791677
16.5	0.8253888216791677
17.0	0.8253888216791677
17.5	0.8253888216791677
18.0	0.8253888216791677
18.5	0.8253888216791677
19.0	0.8253888216791677
19.5	0.8253888216791677
20.0	0.8253888216791677
20.5	0.8253888216791677
21.0	0.8253888216791677
21.5	0.8253888216791677
22.0	0.8253888216791677
22.5	0.8253888216791677
23.0	0.8253888216791677
23.5	0.3964792840651689
24	0.3895262380888472
24.5	0.3895262380888472
25.0	0.3895262380888472
25.5	0.3895262380888472
26.0	0.3895262380888472
26.5	0.3895262380888472
27.0	0.3895262380888472
27.5	0.3895262380888472
28.0	0.3895262380888472
28.5	0.3895262380888472
29.0	0.3895262380888472
29.5	0.3895262380888472
30.0	0.3895262380888472
30.5	0.3895262380888472
31.0	0.3895262380888472
31.5	0.349790382244143
32.0	0.349790382244143
32.5	0.349790382244143
33.0	0.349790382244143
33.5	0.349790382244143
34.0	0.349790382244143
34.5	0.349790382244143
35	0.46231828275351594
35.5	0.46231828275351594
36.0	0.46231828275351594
36.5	0.46231828275351594
37.0	0.46231828275351594
37.5	0.46231828275351594
38	0.4269482071713147
38.5	0.4269482071713147
39.0	0.4269482071713147
39.5	0.4269482071713147
40.0	0.4269482071713147
40.5	0.4269482071713147
41	0.7758403451995685
41.5	0.7758403451995685
42.0	0.7758403451995685
42.5	0.7758403451995685
43	0.5000478418940121
43.5	0.4698504966021955
44.0	0.4698504966021955
44.5	0.4698504966021955
45.0	0.4698504966021955
45.5	0.4698504966021955
46.0	0.4698504966021955
46.5	0.4698504966021955
47.0	0.4698504966021955
47.5	0.4698504966021955
48.0	0.4698504966021955
48.5	0.4698504966021955
49	0.775405746320953
49.5	0.775405746320953
50.0	0.775405746320953
50.5	0.8410783882783883
51.0	0.8410783882783883
51.5	0.8410783882783883
52	0.36062446289304967
52.5	0.2941000732243105
53.0	0.2941000732243105
53.5	0.2941000732243105
54.0	0.2941000732243105
54.5	0.2941000732243105
55.0	0.2941000732243105
55.5	0.2941000732243105
56.0	0.2941000732243105
56.5	0.32953225404732256
57.0	0.32953225404732256
57.5	0.32953225404732256
58.0	0.32953225404732256
58.5	0.32953225404732256
59.0	0.32953225404732256
59.5	0.32953225404732256
60.0	0.32953225404732256
60.5	0.7137732742241925
61.0	0.7137732742241925
61.5	0.7137732742241925
62.0	0.7137732742241925
62.5	0.36987390836224426
63.0	0.36987390836224426
63.5	0.36987390836224426
64.0	0.36987390836224426
64.5	0.36987390836224426
65.0	0.36987390836224426
65.5	0.36987390836224426
66.0	0.36987390836224426
66.5	0.36987390836224426
67.0	0.36987390836224426
67.5	0.36987390836224426
68.0	0.36987390836224426
68.5	0.36987390836224426
69.0	0.36987390836224426
69.5	0.36987390836224426
70.0	0.36987390836224426
70.5	0.36987390836224426
71	0.27481410535481066
71.5	0.27481410535481066
72.0	0.27481410535481066
72.5	0.27481410535481066
73.0	0.27481410535481066
73.5	0.27481410535481066
74.0	0.27481410535481066
74.5	0.27481410535481066
75.0	0.27481410535481066
75.5	0.46988184733342186
76	0.4789685902118334
76.5	0.4789685902118334
77.0	0.4789685902118334
77.5	0.4789685902118334
78.0	0.4789685902118334
78.5	0.3193828306264501
79.0	0.3193828306264501
79.5	0.3193828306264501
80.0	0.3193828306264501
80.5	0.3193828306264501
81.0	0.3193828306264501
81.5	0.3193828306264501
82	0.5574226539642004
82.5	0.5783408866995073
83.0	0.5783408866995073
83.5	0.5783408866995073
84.0	0.5783408866995073
84.5	0.46276660572821454
85.0	0.46276660572821454
85.5	0.46276660572821454
86.0	0.46276660572821454
86.5	0.46276660572821454
87.0	0.46276660572821454
87.5	0.46276660572821454
88.0	0.46276660572821454
88.5	0.46276660572821454
89.0	0.46276660572821454
89.5	0.46276660572821454
90.0	0.46276660572821454
90.5	0.46276660572821454
91	0.7247314643583463
91.5	0.7307976829006652
92.0	0.7307976829006652
92.5	0.7307976829006652
93.0	0.7307976829006652
93.5	0.7307976829006652
94.0	0.7307976829006652
94.5	0.7307976829006652
95.0	0.7307976829006652
95.5	0.7307976829006652
96	0.6909401709401709
96.5	0.6909401709401709
97.0	0.6909401709401709
97.5	0.3247463002114165
98.0	0.3247463002114165
98.5	0.3247463002114165
99.0	0.3247463002114165
99.5	0.3247463002114165
100.0	0.3247463002114165
100.5	0.3247463002114165
101.0	0.3247463002114165
101.5	0.9227801857585138
102.0	0.9227801857585138
102.5	0.9227801857585138
103	0.5871179487179488
103.5	0.5871179487179488
104.0	0.5871179487179488
104.5	0.5871179487179488
105.0	0.5871179487179488
105.5	0.5174625949264824
106.0	0.5174625949264824
106.5	0.5174625949264824
107.0	0.5174625949264824
107.5	0.5174625949264824
108.0	0.5174625949264824
108.5	0.5174625949264824
109.0	0.5174625949264824
109.5	0.5174625949264824
110.0	0.5174625949264824
110.5	0.5174625949264824
111.0	0.5174625949264824
111.5	0.4386477302229093
112	0.4362536125036862
112.5	0.4362536125036862
113.0	0.4362536125036862
113.5	0.4362536125036862
114.0	0.4362536125036862
114.5	0.4362536125036862
115.0	0.4362536125036862
115.5	0.4362536125036862
116.0	0.4362536125036862
116.5	0.4362536125036862
117.0	0.4362536125036862
117.5	0.4362536125036862
118.0	0.4362536125036862
118.5	0.4435506380098685
119	0.4436722192369694
119.5	0.4436722192369694
120.0	0.4436722192369694
120.5	0.4436722192369694
121.0	0.4436722192369694
121.5	0.4436722192369694
122.0	0.4436722192369694
122.5	0.4436722192369694
123.0	0.4436722192369694
123.5	0.4436722192369694
124.0	0.4436722192369694
124.5	0.4436722192369694
125.0	0.4436722192369694
125.5	0.4436722192369694
126.0	0.4436722192369694
126.5	0.7194704112337011
127.0	0.7194704112337011
127.5	0.7194704112337011
128.0	0.7194704112337011
128.5	0.786301167793485
129.0	0.786301167793485
129.5	0.786301167793485
130	0.9373304912800187
130.5	0.9528325791855203
131.0	0.9528325791855203
131.5	0.9521132323897301
132.0	0.9521132323897301
132.5	0.9521132323897301
133.0	0.9521132323897301
133.5	0.9521132323897301
134.0	0.9521132323897301
134.5	0.368853542171241
135	0.31912863770560945
135.5	0.31912863770560945
136.0	0.31912863770560945
136.5	0.31912863770560945
137.0	0.31912863770560945
137.5	0.31912863770560945
138.0	0.31912863770560945
138.5	0.31912863770560945
139.0	0.31912863770560945
139.5	0.31912863770560945
140.0	0.31912863770560945
140.5	0.31912863770560945
141.0	0.31912863770560945
141.5	0.31912863770560945
142.0	0.31912863770560945
142.5	0.31912863770560945
143.0	0.31912863770560945
143.5	0.31912863770560945
144.0	0.31912863770560945
144.5	0.4087679832592205
145.0	0.4087679832592205
145.5	0.4087679832592205
146.0	0.4087679832592205
146.5	0.4087679832592205
147.0	0.4087679832592205
147.5	0.4087679832592205
148.0	0.4087679832592205
148.5	0.4087679832592205
149.0	0.4087679832592205
149.5	0.4087679832592205
150.0	0.4087679832592205
150.5	0.4087679832592205
151.0	0.4087679832592205
151.5	0.4087679832592205
152.0	0.4087679832592205
152.5	0.827793006993007
153.0	0.827793006993007
153.5	0.827793006993007
154	0.5989158186864015
154.5	0.5989158186864015
155.0	0.5989158186864015
155.5	0.5989158186864015
156	0.6898583416522474
156.5	0.6952004787552364
157.0	0.6952004787552364
157.5	0.6952004787552364
158	0.7628644161593802
158.5	0.7628644161593802
159.0	0.7628644161593802
159.5	0.7628644161593802
160	0.8893552521593758
160.5	0.8893552521593758
161.0	0.8893552521593758
161.5	0.8893552521593758
162.0	0.8893552521593758
162.5	0.8893552521593758
163.0	0.8893552521593758
163.5	0.9404274626865672
164.0	0.9404274626865672
164.5	0.9404274626865672
165.0	0.9404274626865672
165.5	0.9404274626865672
166.0	0.9404274626865672
166.5	0.9404274626865672
167	0.4868033987694111
167.5	0.4868033987694111
168.0	0.4868033987694111
168.5	0.4868033987694111
169.0	0.4868033987694111
169.5	0.4868033987694111
170.0	0.4868033987694111
170.5	0.4868033987694111
171.0	0.4868033987694111
171.5	0.4868033987694111
172.0	0.4868033987694111
172.5	0.4868033987694111
173.0	0.4868033987694111
173.5	0.4868033987694111
174.0	0.4868033987694111
174.5	0.4868033987694111
175.0	0.4868033987694111
175.5	0.4868033987694111
176.0	0.4868033987694111
176.5	0.4868033987694111
177.0	0.4868033987694111
177.5	0.4868033987694111
178.0	0.4868033987694111
178.5	0.4868033987694111
179.0	0.4868033987694111
179.5	0.4868033987694111
180.0	0.4868033987694111
180.5	0.4868033987694111
181	1.0078382978723404
181.5	1.0078382978723404
182	0.37658700209643603
182.5	0.37658700209643603
183.0	0.37658700209643603
183.5	0.37658700209643603
184.0	0.37658700209643603
