0	0.8349070034443169
0.5	0.8349070034443169
1.0	0.8349070034443169
1.5	0.8349070034443169
2	0.8398380566801619
2.5	0.8398380566801619
3.0	0.8398380566801619
3.5	0.9080154171562673
4	0.9133518367346939
4.5	0.9133518367346939
5	0.9370429540316503
5.5	0.9370429540316503
6.0	0.9370429540316503
6.5	0.9299687055476529
7.0	0.9299687055476529
7.5	0.9299687055476529
8	1.2886632653061225
8.5	1.2886632653061225
9	1.17848055962258
9.5	1.17848055962258
10.0	1.17848055962258
10.5	1.17848055962258
11.0	1.17848055962258
11.5	1.17848055962258
12.0	1.17848055962258
12.5	1.17848055962258
13.0	1.17848055962258
13.5	1.17848055962258
14.0	1.17848055962258
14.5	1.17848055962258
15	1.4539667523564697
15.5	1.4539667523564697
16.0	1.4539667523564697
16.5	1.4539667523564697
17.0	1.4539667523564697
17.5	1.4539667523564697
18.0	1.4539667523564697
18.5	1.4539667523564697
19.0	1.4539667523564697
19.5	1.4539667523564697
20.0	1.4539667523564697
20.5	1.4539667523564697
21	1.135407555333666
21.5	1.135407555333666
22.0	1.135407555333666
22.5	1.135407555333666
23.0	1.135407555333666
23.5	1.135407555333666
24.0	1.135407555333666
24.5	1.135407555333666
25.0	1.135407555333666
25.5	1.135407555333666
26.0	1.135407555333666
26.5	1.135407555333666
27	0.8926866910866911
27.5	0.8926866910866911
28.0	0.8926866910866911
28.5	0.8926866910866911
29.0	0.8926866910866911
29.5	0.8926866910866911
30.0	0.8926866910866911
30.5	0.8926866910866911
31.0	0.8926866910866911
31.5	0.8926866910866911
32.0	0.8926866910866911
32.5	0.8926866910866911
33.0	0.8926866910866911
33.5	0.8926866910866911
34.0	0.8926866910866911
34.5	0.8926866910866911
35.0	0.8926866910866911
35.5	0.8635616438356164
36.0	0.8635616438356164
36.5	0.8635616438356164
37	0.8556054794520549
37.5	0.8556054794520549
38.0	0.8556054794520549
38.5	1.6034513715710723
39.0	1.6034513715710723
39.5	2.2023269961977183
40.0	2.2023269961977183
40.5	2.2023269961977183
41	1.8020028490830766
41.5	1.772828402366864
42.0	1.772828402366864
42.5	1.772828402366864
43	1.6361010190518386
43.5	1.6361010190518386
44.0	1.6361010190518386
44.5	1.6361010190518386
45.0	1.6361010190518386
45.5	1.6361010190518386
46.0	1.6361010190518386
46.5	1.6361010190518386
47.0	1.6361010190518386
47.5	2.419772215269086
48.0	2.419772215269086
48.5	2.419772215269086
49.0	2.419772215269086
49.5	2.419772215269086
50.0	2.419772215269086
50.5	1.978531600331335
51	1.963344970906068
51.5	1.963344970906068
52.0	1.963344970906068
52.5	1.963344970906068
53.0	1.963344970906068
53.5	1.963344970906068
54.0	1.963344970906068
54.5	1.9132358353510897
55.0	1.9132358353510897
55.5	1.9132358353510897
56.0	1.9132358353510897
56.5	1.9132358353510897
57.0	1.9132358353510897
57.5	1.9132358353510897
58.0	1.9132358353510897
58.5	2.1754607006181925
59.0	2.1754607006181925
59.5	2.1754607006181925
60.0	2.1754607006181925
60.5	2.1754607006181925
61.0	2.1754607006181925
61.5	2.1754607006181925
62	2.31285084306096
62.5	2.31285084306096
63.0	2.31285084306096
63.5	2.31285084306096
64.0	2.31285084306096
64.5	2.31285084306096
65.0	2.31285084306096
65.5	4.32720724801812
66.0	4.32720724801812
66.5	4.32720724801812
67	3.1391195784353467
67.5	3.1391195784353467
68.0	3.1391195784353467
68.5	3.1391195784353467
69.0	3.1391195784353467
69.5	2.467757591088574
70	2.405710354317166
70.5	2.405710354317166
71.0	2.405710354317166
71.5	2.405710354317166
72.0	2.405710354317166
72.5	2.405710354317166
73	3.6009062656641606
73.5	3.6009062656641606
74.0	3.6009062656641606
74.5	3.6009062656641606
75	4.695246166713131
75.5	4.695246166713131
76.0	4.695246166713131
76.5	4.695246166713131
77.0	4.695246166713131
77.5	4.695246166713131
78.0	4.695246166713131
78.5	3.8260539029746456
79.0	3.8260539029746456
79.5	3.8260539029746456
80.0	3.8260539029746456
80.5	3.8260539029746456
81.0	3.8260539029746456
81.5	3.8260539029746456
82.0	3.8260539029746456
82.5	3.8260539029746456
83.0	3.8260539029746456
83.5	3.244865710288955
84	3.2341910619106193
84.5	3.2341910619106193
85.0	3.2341910619106193
85.5	3.2341910619106193
86.0	3.2341910619106193
86.5	3.2341910619106193
87.0	3.2341910619106193
87.5	3.2341910619106193
88.0	3.2341910619106193
88.5	2.7863220011302365
89	2.7744779853777417
89.5	2.7744779853777417
90.0	2.7744779853777417
90.5	2.7744779853777417
91.0	2.7744779853777417
91.5	2.7744779853777417
92.0	2.7744779853777417
92.5	2.7744779853777417
93.0	2.7744779853777417
93.5	2.7744779853777417
94.0	2.7744779853777417
94.5	2.7744779853777417
95	3.158175848230573
95.5	3.158175848230573
96.0	3.158175848230573
96.5	3.158175848230573
97.0	3.158175848230573
97.5	3.158175848230573
98.0	3.158175848230573
98.5	3.158175848230573
99.0	3.158175848230573
99.5	3.158175848230573
100.0	3.158175848230573
100.5	2.5164548972908607
101.0	2.5164548972908607
101.5	2.5164548972908607
102.0	2.5164548972908607
102.5	2.5164548972908607
103.0	2.5164548972908607
103.5	2.5164548972908607
104.0	2.5164548972908607
104.5	2.5164548972908607
105.0	2.5164548972908607
105.5	2.5164548972908607
106.0	2.5164548972908607
106.5	2.5164548972908607
107.0	2.5164548972908607
107.5	2.6949209535759096
108.0	2.6949209535759096
108.5	2.6949209535759096
109.0	2.6949209535759096
109.5	2.6949209535759096
110.0	2.6949209535759096
110.5	2.6949209535759096
111.0	2.6949209535759096
111.5	2.6949209535759096
112.0	2.6949209535759096
112.5	2.6949209535759096
113.0	2.6949209535759096
113.5	2.8166970456961167
114	2.8190080411707945
114.5	2.8190080411707945
115.0	2.8190080411707945
115.5	2.8190080411707945
116.0	2.8190080411707945
116.5	2.8190080411707945
117.0	2.8190080411707945
117.5	2.8190080411707945
118.0	2.8190080411707945
118.5	2.8190080411707945
119.0	2.8190080411707945
119.5	2.8190080411707945
120	2.68829341123012
120.5	2.68829341123012
121.0	2.68829341123012
121.5	2.68829341123012
122.0	2.68829341123012
122.5	2.68829341123012
123.0	2.68829341123012
123.5	3.4445858161980696
124.0	3.4445858161980696
124.5	3.4445858161980696
125.0	3.4445858161980696
125.5	3.79393257481139
126	3.810058526740666
126.5	3.810058526740666
127.0	3.810058526740666
127.5	3.810058526740666
128	3.983398907103825
128.5	3.983398907103825
129.0	3.983398907103825
129.5	3.591516022761306
130.0	3.591516022761306
130.5	3.591516022761306
131.0	3.591516022761306
131.5	3.591516022761306
132.0	3.591516022761306
132.5	3.591516022761306
133	3.2803535741737124
133.5	3.2803535741737124
134.0	3.2803535741737124
134.5	3.2803535741737124
135.0	3.2803535741737124
135.5	3.2803535741737124
136.0	3.2803535741737124
136.5	3.2803535741737124
137.0	3.2803535741737124
137.5	3.2803535741737124
138	4.064621212121212
138.5	4.064621212121212
139.0	4.064621212121212
139.5	4.064621212121212
140.0	4.064621212121212
140.5	4.064621212121212
141.0	4.064621212121212
141.5	4.064621212121212
142.0	4.064621212121212
142.5	5.654685886691251
143.0	5.654685886691251
143.5	5.654685886691251
144.0	5.654685886691251
144.5	5.654685886691251
145.0	5.654685886691251
145.5	5.452907332293292
146.0	5.452907332293292
146.5	5.452907332293292
147.0	5.452907332293292
147.5	5.452907332293292
148.0	5.452907332293292
148.5	5.452907332293292
149	5.1316275695284155
149.5	5.1316275695284155
150.0	5.1316275695284155
150.5	5.1316275695284155
151.0	5.1316275695284155
151.5	5.1316275695284155
152	4.705493470118525
152.5	4.694028556319408
153.0	4.694028556319408
153.5	4.694028556319408
154.0	4.694028556319408
154.5	4.694028556319408
155.0	4.694028556319408
155.5	4.694028556319408
156	4.470049960557455
156.5	4.470049960557455
157.0	4.470049960557455
157.5	4.470049960557455
158.0	4.470049960557455
158.5	4.470049960557455
159.0	4.470049960557455
159.5	4.470049960557455
160	3.811675079533404
160.5	3.811675079533404
161.0	3.811675079533404
161.5	3.811675079533404
162.0	3.811675079533404
162.5	3.811675079533404
163.0	3.811675079533404
163.5	3.811675079533404
164.0	3.811675079533404
164.5	3.811675079533404
165	3.4451295564339044
165.5	3.4451295564339044
166.0	3.4451295564339044
166.5	3.4451295564339044
167.0	3.4451295564339044
167.5	3.4451295564339044
168.0	3.4451295564339044
168.5	3.4451295564339044
169.0	3.4451295564339044
169.5	5.195930078360458
170.0	5.195930078360458
170.5	5.195930078360458
171.0	5.195930078360458
171.5	5.195930078360458
172.0	5.195930078360458
172.5	5.195930078360458
173	5.287811894882434
173.5	5.287811894882434
174.0	5.287811894882434
174.5	5.287811894882434
