0	3.3511705069124424
0.5	3.346551459293395
1	3.363914740188894
1.5	3.306854054054054
2.0	3.306854054054054
2.5	3.3123621730382293
3.0	3.3123621730382293
3.5	3.29657165827014
4	3.2948401028277634
4.5	3.2948401028277634
5.0	3.2948401028277634
5.5	3.2957535585436393
6	3.2957779799818017
6.5	3.2957779799818017
7.0	3.2957779799818017
7.5	3.2957779799818017
8	3.2921598758246025
8.5	3.2921598758246025
9.0	3.2921598758246025
9.5	3.2921598758246025
10.0	3.2921598758246025
10.5	2.624549108113307
11	2.592425035472174
11.5	2.592425035472174
12.0	2.592425035472174
12.5	2.592425035472174
13.0	2.592425035472174
13.5	2.592425035472174
14.0	2.592425035472174
14.5	2.592425035472174
15.0	2.592425035472174
15.5	2.592425035472174
16.0	2.592425035472174
16.5	2.592425035472174
17	1.663497699386503
17.5	1.663497699386503
18.0	1.663497699386503
18.5	1.663497699386503
19.0	1.663497699386503
19.5	1.663497699386503
20.0	1.663497699386503
20.5	1.663497699386503
21.0	1.663497699386503
21.5	1.663497699386503
22.0	1.663497699386503
22.5	1.663497699386503
23.0	1.663497699386503
23.5	1.663497699386503
24.0	1.663497699386503
24.5	1.663497699386503
25.0	1.663497699386503
25.5	1.663497699386503
26.0	1.663497699386503
26.5	1.663497699386503
27.0	1.663497699386503
27.5	1.3431259587217037
28	1.3380587293112653
28.5	1.3380587293112653
29.0	1.3380587293112653
29.5	1.3380587293112653
30.0	1.3380587293112653
30.5	1.3380587293112653
31.0	1.3380587293112653
31.5	1.3380587293112653
32.0	1.3380587293112653
32.5	1.3380587293112653
33.0	1.3380587293112653
33.5	0.7549294383871632
34.0	0.7549294383871632
34.5	0.7549294383871632
35.0	0.7549294383871632
35.5	0.7549294383871632
36.0	0.7549294383871632
36.5	0.7549294383871632
37.0	0.7549294383871632
37.5	0.7549294383871632
38.0	0.7549294383871632
38.5	0.7549294383871632
39.0	0.7549294383871632
39.5	0.7549294383871632
40.0	0.7549294383871632
40.5	0.7549294383871632
41.0	0.7549294383871632
41.5	0.7549294383871632
42.0	0.7549294383871632
42.5	0.7549294383871632
43	1.6330275149231954
43.5	1.6381757961783439
44	1.469262512768131
44.5	1.469262512768131
45	1.0896083884908194
45.5	1.0345410895660203
46.0	1.0345410895660203
46.5	2.138475912408759
47.0	2.138475912408759
47.5	2.138475912408759
48	2.5935741239892183
48.5	2.5935741239892183
49	2.5945252173913045
49.5	2.5945252173913045
50.0	2.5945252173913045
50.5	2.7628195804195803
51.0	2.7628195804195803
51.5	2.7628195804195803
52.0	2.7628195804195803
52.5	2.7628195804195803
53	4.175441862106027
53.5	4.19174134997164
54.0	4.19174134997164
54.5	4.19174134997164
55	1.3416249280605113
55.5	1.3416249280605113
56.0	1.3416249280605113
56.5	1.3416249280605113
57.0	1.3416249280605113
57.5	1.3416249280605113
58.0	1.3416249280605113
58.5	1.3416249280605113
59.0	1.3416249280605113
59.5	1.3416249280605113
60.0	1.3416249280605113
60.5	1.3416249280605113
61.0	1.3416249280605113
61.5	1.3416249280605113
62.0	1.3416249280605113
62.5	1.3416249280605113
63.0	1.3416249280605113
63.5	1.3416249280605113
64.0	1.3416249280605113
64.5	1.3416249280605113
65.0	1.3416249280605113
65.5	1.3416249280605113
66.0	1.3416249280605113
66.5	1.3416249280605113
67	1.1324431703354911
67.5	1.1299494307260092
68.0	1.1299494307260092
68.5	1.1299494307260092
69.0	1.1299494307260092
69.5	1.1299494307260092
70.0	1.1299494307260092
70.5	1.1299494307260092
71.0	1.1299494307260092
71.5	1.1299494307260092
72.0	1.1299494307260092
72.5	1.1299494307260092
73.0	1.1299494307260092
73.5	1.1299494307260092
74	1.933066894668118
74.5	1.9508796433878157
75.0	1.9508796433878157
75.5	1.9508796433878157
76.0	1.9508796433878157
76.5	1.9508796433878157
77	2.5939910979228484
77.5	2.5939910979228484
78.0	2.5939910979228484
78.5	2.5939910979228484
79.0	2.5939910979228484
79.5	2.5939910979228484
80	1.360569696969697
80.5	1.360569696969697
81.0	1.360569696969697
81.5	1.360569696969697
82.0	1.360569696969697
82.5	1.360569696969697
83.0	1.360569696969697
83.5	1.360569696969697
84.0	1.360569696969697
84.5	1.360569696969697
85	1.4913049954654813
85.5	1.4943257731958763
86.0	1.4943257731958763
86.5	1.4943257731958763
87.0	1.4943257731958763
87.5	1.4943257731958763
88.0	1.4943257731958763
88.5	1.4943257731958763
89.0	1.4943257731958763
89.5	1.4943257731958763
90	0.8697064235910873
90.5	0.8396989373111046
91.0	0.8396989373111046
91.5	0.8396989373111046
92.0	0.8396989373111046
92.5	0.8396989373111046
93.0	0.8396989373111046
93.5	0.8396989373111046
94.0	0.8396989373111046
94.5	0.8396989373111046
95.0	0.8396989373111046
95.5	0.8396989373111046
96.0	0.8396989373111046
96.5	0.8396989373111046
97.0	0.8396989373111046
97.5	0.8396989373111046
98.0	0.8396989373111046
98.5	0.8396989373111046
99.0	0.8396989373111046
99.5	0.8396989373111046
100.0	0.8396989373111046
100.5	0.6953765258215963
101.0	0.6953765258215963
101.5	0.6953765258215963
102.0	0.6953765258215963
102.5	0.6953765258215963
103.0	0.6953765258215963
103.5	0.6953765258215963
104	0.4946977606177606
104.5	0.4946977606177606
105.0	0.4946977606177606
105.5	0.4946977606177606
106.0	0.4946977606177606
106.5	0.4946977606177606
107.0	0.4946977606177606
107.5	0.4946977606177606
108.0	0.4946977606177606
108.5	0.4946977606177606
109.0	0.4946977606177606
109.5	0.4946977606177606
110.0	0.4946977606177606
110.5	1.3232319644839068
111.0	1.3232319644839068
111.5	0.47238109527381844
112.0	0.47238109527381844
112.5	0.47238109527381844
113.0	0.47238109527381844
113.5	0.47238109527381844
114.0	0.47238109527381844
114.5	0.3916394156046006
115.0	0.3916394156046006
115.5	0.3916394156046006
116.0	0.3916394156046006
116.5	0.3916394156046006
117.0	0.3916394156046006
117.5	0.3916394156046006
118	0.5372565825313237
118.5	0.5372565825313237
119.0	0.5372565825313237
119.5	0.5372565825313237
120.0	0.5372565825313237
120.5	0.5372565825313237
121.0	0.5372565825313237
121.5	0.5372565825313237
122.0	0.5372565825313237
122.5	0.5372565825313237
123.0	0.5372565825313237
123.5	0.6220513796384396
124.0	0.6220513796384396
124.5	0.6220513796384396
125.0	0.6220513796384396
125.5	1.1886089350510107
126	1.214753598645216
126.5	1.214753598645216
127	1.2348571428571429
127.5	1.2348571428571429
128	1.0393682132280355
128.5	1.0393682132280355
129	1.0469397944029248
129.5	1.0476349148859108
130.0	1.0476349148859108
130.5	1.0476349148859108
131.0	1.0476349148859108
131.5	1.0476349148859108
132	0.6072949039264829
132.5	0.6072949039264829
133.0	0.6072949039264829
133.5	0.6072949039264829
134.0	0.6072949039264829
134.5	0.6072949039264829
135.0	0.6072949039264829
135.5	0.6072949039264829
136.0	0.6072949039264829
136.5	0.6072949039264829
137.0	0.6072949039264829
137.5	0.6072949039264829
138.0	0.6072949039264829
138.5	0.6072949039264829
139.0	0.6072949039264829
139.5	0.6072949039264829
140.0	0.6072949039264829
140.5	0.6072949039264829
141.0	0.6072949039264829
141.5	0.6072949039264829
142.0	0.6072949039264829
142.5	0.6072949039264829
143.0	0.6072949039264829
143.5	0.6072949039264829
144	0.5637012457062972
144.5	0.5630821210699203
145.0	0.5630821210699203
145.5	0.5630821210699203
146.0	0.5630821210699203
146.5	0.5666558161799904
147.0	0.5666558161799904
147.5	0.5666558161799904
148.0	0.5666558161799904
148.5	0.5959522405448732
149	0.5974528233151184
149.5	0.5974528233151184
150.0	0.5974528233151184
150.5	0.5974528233151184
151.0	0.5974528233151184
151.5	0.5974528233151184
152.0	0.5974528233151184
152.5	0.5974528233151184
153.0	0.5974528233151184
153.5	0.5974528233151184
154.0	0.5974528233151184
154.5	0.5974528233151184
155.0	0.5974528233151184
155.5	0.5974528233151184
156.0	0.5974528233151184
156.5	0.5974528233151184
157.0	0.5974528233151184
157.5	0.5974528233151184
158.0	0.5974528233151184
158.5	0.5974528233151184
159.0	0.5974528233151184
159.5	0.5974528233151184
160.0	0.5974528233151184
160.5	0.5974528233151184
161.0	0.5974528233151184
161.5	0.5974528233151184
162.0	0.5974528233151184
162.5	0.4101595748909075
163	0.4073211781206171
163.5	0.4073211781206171
164.0	0.4073211781206171
164.5	0.4073211781206171
165.0	0.4073211781206171
165.5	0.532764041975597
166	0.5393176838810642
166.5	0.5393176838810642
167.0	0.5393176838810642
167.5	0.5393176838810642
168.0	0.5393176838810642
168.5	1.3846632124352332
169.0	1.3846632124352332
169.5	1.388841648590022
170.0	1.388841648590022
170.5	0.9599217107647698
171.0	0.9599217107647698
171.5	0.9599217107647698
172.0	0.9599217107647698
172.5	0.9599217107647698
173	1.0721152041434256
173.5	1.078865519439133
174.0	1.078865519439133
174.5	1.078865519439133
175.0	1.078865519439133
175.5	1.078865519439133
176.0	1.078865519439133
176.5	1.078865519439133
177.0	1.078865519439133
177.5	1.078865519439133
178.0	1.078865519439133
178.5	1.078865519439133
179.0	1.078865519439133
179.5	0.544573585185542
180	0.5354644014753549
180.5	0.5354644014753549
181.0	0.5354644014753549
181.5	0.5354644014753549
182.0	0.5354644014753549
182.5	0.5354644014753549
183.0	0.5354644014753549
183.5	0.5354644014753549
184.0	0.5354644014753549
184.5	0.5354644014753549
185.0	0.5354644014753549
185.5	0.5354644014753549
186.0	0.5354644014753549
186.5	0.5354644014753549
187.0	0.5354644014753549
187.5	0.5354644014753549
188.0	0.5354644014753549
