0	0.5997558762886598
0.5	0.5997558762886598
1.0	0.5997558762886598
1.5	0.5997558762886598
2.0	0.5997558762886598
2.5	0.5997558762886598
3	0.6039010189228531
3.5	0.6039010189228531
4.0	0.6039010189228531
4.5	0.6039010189228531
5	0.6012122514777002
5.5	0.6012122514777002
6.0	0.6012122514777002
6.5	0.6012122514777002
7	0.6030339476236664
7.5	0.6030339476236664
8.0	0.6030339476236664
8.5	0.6030339476236664
9	0.5921187473883637
9.5	0.5913776571687019
10.0	0.5913776571687019
10.5	0.5913776571687019
11.0	0.5913776571687019
11.5	0.5679100618324903
12.0	0.5679100618324903
12.5	0.5679100618324903
13.0	0.5679100618324903
13.5	0.5482163611980331
14.0	0.5482163611980331
14.5	0.5482163611980331
15.0	0.5482163611980331
15.5	0.5482163611980331
16	0.550590657165479
16.5	0.550590657165479
17.0	0.550590657165479
17.5	0.550590657165479
18.0	0.550590657165479
18.5	0.5505425458854976
19	0.5505388127853881
19.5	0.5505388127853881
20.0	0.5505388127853881
20.5	0.5505388127853881
21	0.4959180035650624
21.5	0.4959180035650624
22.0	0.4959180035650624
22.5	0.4959180035650624
23.0	0.4959180035650624
23.5	0.4681188118811881
24.0	0.4681188118811881
24.5	0.4681188118811881
25.0	0.4681188118811881
25.5	0.4681188118811881
26	0.5861223446733749
26.5	0.5861223446733749
27.0	0.5861223446733749
27.5	0.5861223446733749
28.0	0.5861223446733749
28.5	0.5861223446733749
29.0	0.5861223446733749
29.5	0.5861223446733749
30.0	0.5861223446733749
30.5	0.5861223446733749
31.0	0.5861223446733749
31.5	0.5861223446733749
32.0	0.5861223446733749
32.5	0.5861223446733749
33.0	0.5861223446733749
33.5	0.5861223446733749
34.0	0.5861223446733749
34.5	0.5861223446733749
35.0	0.5861223446733749
35.5	0.5861223446733749
36.0	0.5861223446733749
36.5	0.5861223446733749
37.0	0.5861223446733749
37.5	0.5861223446733749
38.0	0.5861223446733749
38.5	0.5703971267565076
39	0.5702740576496674
39.5	0.5702740576496674
40.0	0.5702740576496674
40.5	0.5702740576496674
41	0.5238193736343772
41.5	0.5238193736343772
42.0	0.5238193736343772
42.5	0.5238193736343772
43.0	0.5238193736343772
43.5	0.5238193736343772
44	0.5287437470504954
44.5	0.5287437470504954
45.0	0.5287437470504954
45.5	0.5287437470504954
46.0	0.5287437470504954
46.5	0.6178135120044668
47.0	0.6178135120044668
47.5	0.6178135120044668
48	1.1109826453581437
48.5	1.128881022615536
49.0	1.128881022615536
49.5	1.0380474655728098
50.0	1.0380474655728098
50.5	1.0380474655728098
51.0	1.0380474655728098
51.5	1.0380474655728098
52.0	1.0380474655728098
52.5	1.0380474655728098
53.0	1.0380474655728098
53.5	1.0380474655728098
54.0	1.0380474655728098
54.5	1.0380474655728098
55.0	1.0380474655728098
55.5	1.0380474655728098
56	1.216404508339822
56.5	1.2180767689224603
57.0	1.2180767689224603
57.5	1.2180767689224603
58.0	1.2180767689224603
58.5	1.2180767689224603
59.0	1.2180767689224603
59.5	1.2180767689224603
60.0	1.2180767689224603
60.5	1.2180767689224603
61.0	1.2180767689224603
61.5	1.2180767689224603
62.0	1.2180767689224603
62.5	1.2180767689224603
63	0.8089808429118774
63.5	0.8089808429118774
64.0	0.8089808429118774
64.5	0.8089808429118774
65.0	0.8089808429118774
65.5	0.8089808429118774
66.0	0.8089808429118774
66.5	0.8089808429118774
67.0	0.8089808429118774
67.5	0.8089808429118774
68.0	0.8089808429118774
68.5	0.8089808429118774
69.0	0.8089808429118774
69.5	0.8089808429118774
70.0	0.8089808429118774
70.5	0.8089808429118774
71.0	0.8089808429118774
71.5	0.8089808429118774
72	0.9849318402405447
72.5	0.9872431833910034
73.0	0.9872431833910034
73.5	0.9872431833910034
74.0	0.9872431833910034
74.5	0.9872431833910034
75.0	0.9872431833910034
75.5	0.9872431833910034
76.0	0.9872431833910034
76.5	0.9872431833910034
77.0	0.9872431833910034
77.5	0.9872431833910034
78.0	0.9872431833910034
78.5	0.9872431833910034
79.0	0.9872431833910034
79.5	2.2464341637010676
80	1.5198458094635807
80.5	1.4603741648106905
81	0.8158903045817739
81.5	0.703213282247765
82.0	0.703213282247765
82.5	0.703213282247765
83	0.885370233702337
83.5	0.885370233702337
84.0	0.885370233702337
84.5	0.885370233702337
85.0	0.885370233702337
85.5	0.885370233702337
86.0	0.885370233702337
86.5	1.1359760658189977
87.0	1.1359760658189977
87.5	1.1359760658189977
88.0	1.1359760658189977
88.5	1.1359760658189977
89	1.0966670959433353
89.5	1.0966670959433353
90.0	1.0966670959433353
90.5	1.0966670959433353
91.0	1.0966670959433353
91.5	1.0966670959433353
92.0	1.0966670959433353
92.5	0.6307139440573984
93.0	0.6307139440573984
93.5	0.6307139440573984
94.0	0.6307139440573984
94.5	0.6307139440573984
95.0	0.6307139440573984
95.5	0.6307139440573984
96.0	0.6307139440573984
96.5	0.6307139440573984
97.0	0.6307139440573984
97.5	0.6307139440573984
98.0	0.6307139440573984
98.5	0.6307139440573984
99.0	0.6307139440573984
99.5	0.6307139440573984
100.0	0.6307139440573984
100.5	0.6307139440573984
101.0	0.6307139440573984
101.5	0.6307139440573984
102	2.1602732120991255
102.5	2.1971722190852625
103.0	2.1971722190852625
103.5	2.1971722190852625
104.0	2.1971722190852625
104.5	2.1971722190852625
105.0	2.1971722190852625
105.5	2.1971722190852625
106	1.8961593393247511
106.5	1.8961593393247511
107.0	1.8961593393247511
107.5	1.8961593393247511
108.0	1.8961593393247511
108.5	1.8961593393247511
109.0	1.8961593393247511
109.5	1.8961593393247511
110	2.0154115950389384
110.5	2.0154115950389384
111.0	2.0154115950389384
111.5	2.0154115950389384
112.0	2.0154115950389384
112.5	2.0154115950389384
113.0	2.0154115950389384
113.5	2.020006349206349
114.0	2.020006349206349
114.5	2.020006349206349
115.0	2.020006349206349
115.5	2.020006349206349
116.0	2.020006349206349
116.5	2.020006349206349
117.0	2.020006349206349
117.5	2.0172353276353276
118.0	2.0172353276353276
118.5	2.0172353276353276
119.0	2.0172353276353276
119.5	2.0172353276353276
120.0	2.0172353276353276
120.5	2.0172353276353276
121	1.97158581290169
121.5	1.97158581290169
122.0	1.97158581290169
122.5	1.97158581290169
123.0	1.97158581290169
123.5	1.97158581290169
124.0	1.97158581290169
124.5	1.97158581290169
125.0	1.97158581290169
125.5	1.9717626711506124
126.0	1.9717626711506124
126.5	1.9717626711506124
127.0	1.9717626711506124
127.5	1.9717626711506124
128.0	1.9717626711506124
128.5	1.9717626711506124
129.0	1.9717626711506124
129.5	1.9972324781803756
130.0	1.9972324781803756
130.5	1.9972324781803756
131.0	1.9972324781803756
131.5	1.9972324781803756
132.0	1.9972324781803756
132.5	1.9972324781803756
133.0	1.9972324781803756
133.5	1.91391401378405
134.0	1.91391401378405
134.5	1.91391401378405
135.0	1.91391401378405
135.5	1.91391401378405
136.0	1.91391401378405
136.5	1.6363093450674453
137	1.6140791057609631
137.5	1.6140791057609631
138.0	1.6140791057609631
138.5	1.6140791057609631
139.0	1.6140791057609631
139.5	1.6140791057609631
140.0	1.6140791057609631
140.5	1.6140791057609631
141.0	1.6140791057609631
141.5	1.8164217891054473
142.0	1.8164217891054473
142.5	1.8164217891054473
143.0	1.8164217891054473
143.5	1.8164217891054473
144.0	1.8164217891054473
144.5	1.8164217891054473
145.0	1.8164217891054473
145.5	1.9524301075268817
146.0	1.9524301075268817
146.5	1.9524301075268817
147.0	1.9524301075268817
147.5	1.9524301075268817
148.0	1.9524301075268817
148.5	1.9524301075268817
149.0	1.9524301075268817
149.5	2.152178000626763
150.0	2.152178000626763
150.5	2.152178000626763
151.0	2.152178000626763
151.5	2.152178000626763
152.0	2.152178000626763
152.5	2.152178000626763
153	2.1415617654740142
153.5	2.1415617654740142
154.0	2.1415617654740142
154.5	2.1415617654740142
155.0	2.1415617654740142
155.5	2.1415617654740142
156.0	2.1415617654740142
156.5	2.140093251756805
157	2.140066405070933
157.5	2.140066405070933
158.0	2.140066405070933
158.5	2.140066405070933
159.0	2.140066405070933
159.5	2.140066405070933
160	2.05290541632983
160.5	2.05290541632983
161.0	2.05290541632983
161.5	2.05290541632983
162.0	2.05290541632983
162.5	2.0119934466015996
163	2.0099428870840974
163.5	2.0099428870840974
164.0	2.0099428870840974
164.5	2.0099428870840974
165.0	2.0099428870840974
165.5	2.0099428870840974
166.0	2.0099428870840974
166.5	2.0108809828512926
167.0	2.0108809828512926
167.5	2.0108809828512926
168.0	2.0108809828512926
168.5	2.0108809828512926
169.0	2.0108809828512926
169.5	2.0108809828512926
170.0	2.0108809828512926
170.5	1.8854159376312443
171	1.8762958780350083
171.5	1.8762958780350083
172.0	1.8762958780350083
172.5	1.8762958780350083
173.0	1.8762958780350083
173.5	1.8762958780350083
174.0	1.8762958780350083
174.5	1.8260409924487595
175.0	1.8260409924487595
175.5	1.8260409924487595
176.0	1.8260409924487595
176.5	1.8260409924487595
177.0	1.8260409924487595
177.5	1.8260409924487595
178	1.8284901722099034
178.5	1.8285496183206107
179.0	1.8285496183206107
179.5	1.8285496183206107
180.0	1.8285496183206107
180.5	1.8285496183206107
