0	1.986896174863388
0.5	1.986896174863388
1	2.0139805825242716
1.5	2.006156435058834
2	2.0051182795698925
2.5	1.9683655083655083
3.0	1.9683655083655083
3.5	1.9683655083655083
4	1.9715497005988025
4.5	1.9715497005988025
5.0	1.9715497005988025
5.5	2.0336810243505923
6	2.038964047088769
6.5	2.038964047088769
7.0	2.038964047088769
7.5	2.038964047088769
8.0	2.038964047088769
8.5	2.038964047088769
9	3.1940564373897704
9.5	3.1940564373897704
10.0	3.1940564373897704
10.5	3.1940564373897704
11	3.1918644233921256
11.5	3.191834462001505
12.0	3.191834462001505
12.5	3.191834462001505
13.0	3.191834462001505
13.5	3.191834462001505
14	3.228899195456697
14.5	3.228899195456697
15.0	3.228899195456697
15.5	3.228899195456697
16	3.2962596934174933
16.5	3.2962596934174933
17.0	3.2962596934174933
17.5	3.2962596934174933
18.0	3.2962596934174933
18.5	3.4066841866787496
19.0	3.4066841866787496
19.5	3.4066841866787496
20.0	3.4066841866787496
20.5	3.729669751890269
21	3.7426945436002037
21.5	3.7426945436002037
22.0	3.7426945436002037
22.5	3.430719503529852
23	3.4241968229368465
23.5	3.4241968229368465
24.0	3.4241968229368465
24.5	3.4241968229368465
25.0	3.4241968229368465
25.5	3.4241968229368465
26.0	3.4241968229368465
26.5	3.4241968229368465
27.0	3.4241968229368465
27.5	3.4241968229368465
28	4.0059436619718305
28.5	4.0059436619718305
29.0	4.0059436619718305
29.5	4.0059436619718305
30.0	4.0059436619718305
30.5	4.0059436619718305
31.0	4.0059436619718305
31.5	4.0059436619718305
32.0	4.0059436619718305
32.5	4.010797999999999
33.0	4.010797999999999
33.5	4.010797999999999
34.0	4.010797999999999
34.5	4.010797999999999
35.0	4.010797999999999
35.5	4.010797999999999
36.0	4.010797999999999
36.5	4.02898081422555
37.0	4.02898081422555
37.5	4.02898081422555
38.0	4.02898081422555
38.5	4.02898081422555
39.0	4.02898081422555
39.5	4.02898081422555
40.0	4.02898081422555
40.5	4.02898081422555
41	3.65181658692185
41.5	3.65181658692185
42.0	3.65181658692185
42.5	3.65181658692185
43.0	3.65181658692185
43.5	3.65181658692185
44.0	3.65181658692185
44.5	3.65181658692185
45.0	3.65181658692185
45.5	3.65181658692185
46	4.197731464968153
46.5	4.197731464968153
47.0	4.197731464968153
47.5	4.197731464968153
48.0	4.197731464968153
48.5	4.197731464968153
49.0	4.197731464968153
49.5	4.197731464968153
50	4.019413574660634
50.5	4.019413574660634
51.0	4.019413574660634
51.5	4.019413574660634
52.0	4.019413574660634
52.5	4.019413574660634
53.0	4.019413574660634
53.5	4.019413574660634
54.0	4.019413574660634
54.5	3.7787630310994307
55.0	3.7787630310994307
55.5	3.7787630310994307
56.0	3.7787630310994307
56.5	3.7787630310994307
57.0	3.7787630310994307
57.5	3.7787630310994307
58.0	3.7787630310994307
58.5	3.7787630310994307
59	4.128566130268777
59.5	4.145880081300813
60.0	4.145880081300813
60.5	4.145880081300813
61.0	4.145880081300813
61.5	4.145880081300813
62.0	4.145880081300813
62.5	4.145880081300813
63.0	4.145880081300813
63.5	4.040787189603156
64.0	4.040787189603156
64.5	4.040787189603156
65.0	4.040787189603156
65.5	4.040787189603156
66.0	4.040787189603156
66.5	4.040787189603156
67.0	4.040787189603156
67.5	4.040787189603156
68	4.059398812243034
68.5	4.059398812243034
69.0	4.059398812243034
69.5	4.059398812243034
70.0	4.059398812243034
70.5	4.059398812243034
71.0	4.059398812243034
71.5	4.059398812243034
72	4.444164967285294
72.5	4.454535548896758
73.0	4.454535548896758
73.5	4.454535548896758
74.0	4.454535548896758
74.5	4.454535548896758
75.0	4.454535548896758
75.5	4.454535548896758
76	4.488024628014366
76.5	4.488024628014366
77.0	4.488024628014366
77.5	4.488024628014366
78.0	4.488024628014366
78.5	4.488024628014366
79.0	4.488024628014366
79.5	4.488024628014366
80	4.376779625779625
80.5	4.376779625779625
81.0	4.376779625779625
81.5	4.376779625779625
82.0	4.376779625779625
82.5	4.376779625779625
83.0	4.376779625779625
83.5	4.376779625779625
84	4.269259077745601
84.5	4.269259077745601
85.0	4.269259077745601
85.5	4.269259077745601
86.0	4.269259077745601
86.5	4.269259077745601
87.0	4.269259077745601
87.5	4.269259077745601
88.0	4.269259077745601
88.5	4.420393387503503
89.0	4.420393387503503
89.5	4.420393387503503
90.0	4.420393387503503
90.5	4.420393387503503
91.0	4.420393387503503
91.5	4.420393387503503
92	4.278855424705587
92.5	4.278855424705587
93.0	4.278855424705587
93.5	4.278855424705587
94.0	4.278855424705587
94.5	4.278855424705587
95.0	4.278855424705587
95.5	4.278855424705587
96	4.249769692023564
96.5	4.2475760549558395
97.0	4.2475760549558395
97.5	4.2475760549558395
98.0	4.2475760549558395
98.5	4.2475760549558395
99.0	4.2475760549558395
99.5	4.2475760549558395
100.0	4.2475760549558395
100.5	4.389910153206959
101.0	4.389910153206959
101.5	4.389910153206959
102.0	4.389910153206959
102.5	4.389910153206959
103.0	4.389910153206959
103.5	4.389910153206959
104.0	4.389910153206959
104.5	4.500475641697224
105.0	4.500475641697224
105.5	4.500475641697224
106.0	4.500475641697224
106.5	4.500475641697224
107.0	4.500475641697224
107.5	4.500475641697224
108.0	4.500475641697224
108.5	2.814481695568401
109.0	2.814481695568401
109.5	2.814481695568401
110.0	2.814481695568401
110.5	2.814481695568401
111.0	2.814481695568401
111.5	2.814481695568401
112.0	2.814481695568401
112.5	2.814481695568401
113.0	2.814481695568401
113.5	2.814481695568401
114.0	2.814481695568401
114.5	3.652972843450479
115.0	3.652972843450479
115.5	3.652972843450479
116.0	3.652972843450479
116.5	3.652972843450479
117.0	3.652972843450479
117.5	3.652972843450479
118.0	3.652972843450479
118.5	3.652972843450479
119.0	3.652972843450479
119.5	4.053447449858152
120	4.060324609632724
120.5	4.060324609632724
121.0	4.060324609632724
121.5	4.060324609632724
122.0	4.060324609632724
122.5	4.060324609632724
123.0	4.060324609632724
123.5	4.060324609632724
124.0	4.060324609632724
124.5	4.168064155528554
125.0	4.168064155528554
125.5	4.168064155528554
126.0	4.168064155528554
126.5	4.168064155528554
127.0	4.168064155528554
127.5	4.168064155528554
128.0	4.168064155528554
128.5	3.961374258447253
129.0	3.961374258447253
129.5	3.961374258447253
130.0	3.961374258447253
130.5	3.961374258447253
131.0	3.961374258447253
131.5	3.961374258447253
132.0	3.961374258447253
132.5	3.9795543201297194
133.0	3.9795543201297194
133.5	3.9795543201297194
134.0	3.9795543201297194
134.5	3.9795543201297194
135.0	3.9795543201297194
135.5	3.9795543201297194
136.0	3.9795543201297194
136.5	3.9795543201297194
137	4.45600626468285
137.5	4.45600626468285
138.0	4.45600626468285
138.5	4.45600626468285
139.0	4.45600626468285
139.5	4.45600626468285
140.0	4.45600626468285
140.5	4.45600626468285
141	4.225685454097958
141.5	4.225685454097958
142.0	4.225685454097958
142.5	4.225685454097958
143.0	4.225685454097958
143.5	4.225685454097958
144.0	4.225685454097958
144.5	4.225685454097958
145	3.662959391965255
145.5	3.662959391965255
146.0	3.662959391965255
146.5	3.662959391965255
147.0	3.662959391965255
147.5	3.662959391965255
148.0	3.662959391965255
148.5	3.662959391965255
149.0	3.662959391965255
149.5	3.662959391965255
150	3.9468310749774163
150.5	3.9468310749774163
151.0	3.9468310749774163
151.5	3.9468310749774163
152.0	3.9468310749774163
152.5	3.9468310749774163
153.0	3.9468310749774163
153.5	3.9468310749774163
154.0	3.9468310749774163
154.5	4.0514138424821
155.0	4.0514138424821
155.5	4.0514138424821
156.0	4.0514138424821
156.5	4.0514138424821
157.0	4.0514138424821
157.5	4.0514138424821
158.0	4.0514138424821
158.5	4.105646623496762
159.0	4.105646623496762
159.5	4.105646623496762
160.0	4.105646623496762
160.5	4.105646623496762
161.0	4.105646623496762
161.5	4.105646623496762
162.0	4.105646623496762
162.5	4.105646623496762
163	4.120116335433834
163.5	4.120116335433834
164.0	4.120116335433834
164.5	4.120116335433834
165.0	4.120116335433834
165.5	4.120116335433834
166.0	4.120116335433834
166.5	4.120116335433834
167	4.039206237542509
167.5	4.037755111210964
168.0	4.037755111210964
168.5	4.037755111210964
169.0	4.037755111210964
169.5	4.037755111210964
170.0	4.037755111210964
170.5	4.037755111210964
171.0	4.037755111210964
171.5	3.8671455077508887
172	3.865267307218527
172.5	3.865267307218527
173.0	3.865267307218527
173.5	3.865267307218527
174.0	3.865267307218527
174.5	3.865267307218527
175.0	3.865267307218527
175.5	3.865267307218527
176	3.948716445258818
176.5	3.948716445258818
177.0	3.948716445258818
177.5	3.948716445258818
178.0	3.948716445258818
178.5	3.948716445258818
179.0	3.948716445258818
179.5	3.948716445258818
180.0	3.948716445258818
180.5	4.515458267716536
181.0	4.515458267716536
181.5	4.515458267716536
182.0	4.515458267716536
182.5	4.515458267716536
