0	1.8386953223767382
0.5	1.8386953223767382
1	1.854903129657228
1.5	1.854903129657228
2	1.861657237936772
2.5	1.8559044776119404
3.0	1.8559044776119404
3.5	1.826116472545757
4.0	1.826116472545757
4.5	1.826116472545757
5.0	1.826116472545757
5.5	2.019686101481248
6.0	2.019686101481248
6.5	2.019686101481248
7.0	2.019686101481248
7.5	2.019686101481248
8.0	2.019686101481248
8.5	3.849160467587673
9.0	3.849160467587673
9.5	3.849160467587673
10.0	3.849160467587673
10.5	3.645851310700473
11.0	3.645851310700473
11.5	3.645851310700473
12.0	3.645851310700473
12.5	3.645851310700473
13	4.887295128939828
13.5	4.887295128939828
14.0	4.887295128939828
14.5	5.099502791654422
15.0	5.099502791654422
15.5	5.099502791654422
16.0	5.099502791654422
16.5	5.099502791654422
17.0	5.099502791654422
17.5	5.099502791654422
18	5.33543295489414
18.5	5.33543295489414
19.0	5.33543295489414
19.5	5.33543295489414
20.0	5.33543295489414
20.5	5.33543295489414
21.0	5.33543295489414
21.5	6.325541933057541
22.0	6.325541933057541
22.5	6.325541933057541
23.0	6.325541933057541
23.5	6.325541933057541
24	6.411209285455205
24.5	6.411209285455205
25.0	6.411209285455205
25.5	6.411209285455205
26.0	6.411209285455205
26.5	6.411209285455205
27	4.898548977395048
27.5	4.898548977395048
28.0	4.898548977395048
28.5	4.898548977395048
29.0	4.898548977395048
29.5	4.898548977395048
30.0	4.898548977395048
30.5	6.57507868852459
31.0	6.57507868852459
31.5	6.57507868852459
32.0	6.57507868852459
32.5	6.57507868852459
33	6.855041401273886
33.5	6.855041401273886
34.0	6.855041401273886
34.5	6.855041401273886
35.0	6.855041401273886
35.5	5.718797413269046
36	5.678088034717917
36.5	5.678088034717917
37.0	5.678088034717917
37.5	5.678088034717917
38.0	5.678088034717917
38.5	5.678088034717917
39.0	6.52002216066482
39.5	6.52002216066482
40.0	6.52002216066482
40.5	6.52002216066482
41.0	6.52002216066482
41.5	6.52002216066482
42	6.402092972972973
42.5	6.402092972972973
43.0	6.402092972972973
43.5	6.402092972972973
44.0	6.402092972972973
44.5	5.857095132957407
45	5.8329384719405
45.5	5.8329384719405
46.0	5.8329384719405
46.5	5.8329384719405
47.0	5.8329384719405
47.5	4.034768106614928
48	4.00741257367387
48.5	4.00741257367387
49.0	4.00741257367387
49.5	4.00741257367387
50.0	4.00741257367387
50.5	4.00741257367387
51.0	4.00741257367387
51.5	4.00741257367387
52	3.840262902514336
52.5	3.840262902514336
53.0	3.840262902514336
53.5	3.840262902514336
54.0	3.840262902514336
54.5	3.840262902514336
55.0	3.840262902514336
55.5	3.840262902514336
56.0	3.840262902514336
56.5	3.751751741608613
57.0	3.751751741608613
57.5	3.751751741608613
58.0	3.751751741608613
58.5	3.751751741608613
59.0	3.751751741608613
59.5	3.751751741608613
60.0	3.751751741608613
60.5	3.751751741608613
61	3.7599700085241095
61.5	3.7600827776500347
62.0	3.7600827776500347
62.5	3.7600827776500347
63.0	3.7600827776500347
63.5	3.7600827776500347
64.0	3.7600827776500347
64.5	3.7600827776500347
65.0	3.7600827776500347
65.5	4.545159781761496
66.0	4.545159781761496
66.5	4.545159781761496
67.0	4.545159781761496
67.5	4.545159781761496
68.0	4.545159781761496
68.5	4.545159781761496
69.0	4.545159781761496
69.5	4.19577678126557
70.0	4.19577678126557
70.5	4.19577678126557
71.0	4.19577678126557
71.5	4.19577678126557
72.0	4.19577678126557
72.5	4.19577678126557
73.0	4.19577678126557
73.5	4.8935761647930756
74	4.941904074265085
74.5	4.941904074265085
75.0	4.941904074265085
75.5	4.941904074265085
76.0	4.941904074265085
76.5	4.941904074265085
77.0	4.941904074265085
77.5	4.715437898267965
78	4.707962996120561
78.5	4.707962996120561
79.0	4.707962996120561
79.5	4.707962996120561
80.0	4.707962996120561
80.5	4.707962996120561
81	4.523072604340031
81.5	4.5200931709899415
82.0	4.5200931709899415
82.5	4.5200931709899415
83.0	4.5200931709899415
83.5	4.5200931709899415
84.0	4.5200931709899415
84.5	4.5200931709899415
85	4.693174301978856
85.5	4.693174301978856
86.0	4.693174301978856
86.5	4.693174301978856
87.0	4.693174301978856
87.5	4.693174301978856
88.0	4.693174301978856
88.5	4.693174301978856
89	5.041915896212347
89.5	5.041915896212347
90.0	5.041915896212347
90.5	5.041915896212347
91.0	5.041915896212347
91.5	5.041915896212347
92.0	5.041915896212347
92.5	4.036367394879023
93.0	4.036367394879023
93.5	4.036367394879023
94.0	4.036367394879023
94.5	4.036367394879023
95.0	4.036367394879023
95.5	4.036367394879023
96.0	4.036367394879023
96.5	3.4579980272243045
97.0	3.4579980272243045
97.5	3.4579980272243045
98.0	3.4579980272243045
98.5	3.4579980272243045
99.0	3.4579980272243045
99.5	3.4579980272243045
100.0	3.4579980272243045
100.5	3.4579980272243045
101.0	3.4579980272243045
101.5	5.737180454194307
102	5.792934768841039
102.5	5.792934768841039
103.0	5.792934768841039
103.5	5.792934768841039
104.0	5.792934768841039
104.5	5.792934768841039
105	4.001364542696142
105.5	4.001364542696142
106.0	4.001364542696142
106.5	4.001364542696142
107.0	4.001364542696142
107.5	4.001364542696142
108.0	4.001364542696142
108.5	4.001364542696142
109.0	4.001364542696142
109.5	3.3103003333237115
110	3.2682134146341464
110.5	3.2682134146341464
111.0	3.2682134146341464
111.5	3.2682134146341464
112.0	3.2682134146341464
112.5	3.2682134146341464
113.0	3.2682134146341464
113.5	3.2682134146341464
114.0	3.2682134146341464
114.5	3.2682134146341464
115	3.1984736730327112
115.5	3.197636477201749
116.0	3.197636477201749
116.5	3.197636477201749
117.0	3.197636477201749
117.5	3.197636477201749
118.0	3.197636477201749
118.5	3.197636477201749
119.0	3.197636477201749
119.5	3.197636477201749
120	3.504638106895145
120.5	3.504638106895145
121.0	3.504638106895145
121.5	3.504638106895145
122.0	3.504638106895145
122.5	3.504638106895145
123.0	3.504638106895145
123.5	3.504638106895145
124.0	3.504638106895145
124.5	3.504638106895145
125	4.355947945904568
125.5	4.355947945904568
126.0	4.355947945904568
126.5	4.355947945904568
127.0	4.355947945904568
127.5	4.355947945904568
128.0	4.355947945904568
128.5	4.355947945904568
129	4.537251585623679
129.5	4.537251585623679
130.0	4.537251585623679
130.5	4.537251585623679
131.0	4.537251585623679
131.5	4.537251585623679
132.0	4.537251585623679
132.5	4.537251585623679
133	4.703828220858895
133.5	4.703828220858895
134.0	4.703828220858895
134.5	4.703828220858895
135.0	4.703828220858895
135.5	4.703828220858895
136.0	4.703828220858895
136.5	4.893536459388271
137	4.899514437903
137.5	4.899514437903
138.0	4.899514437903
138.5	4.899514437903
139.0	4.899514437903
139.5	4.899514437903
140.0	4.899514437903
140.5	4.616650530323634
141.0	4.616650530323634
141.5	4.616650530323634
142.0	4.616650530323634
142.5	4.616650530323634
143.0	4.616650530323634
143.5	4.616650530323634
144	4.375848163667735
144.5	4.375848163667735
145.0	4.375848163667735
145.5	4.375848163667735
146.0	4.375848163667735
146.5	4.375848163667735
147.0	4.375848163667735
147.5	4.375848163667735
148	4.344000215277258
148.5	4.342171136653896
149.0	4.342171136653896
149.5	4.342171136653896
150.0	4.342171136653896
150.5	4.342171136653896
151.0	4.342171136653896
151.5	4.342171136653896
152.0	4.342171136653896
152.5	4.046847106507543
153.0	4.046847106507543
153.5	4.046847106507543
154.0	4.046847106507543
154.5	4.046847106507543
155.0	4.046847106507543
155.5	4.046847106507543
156.0	4.046847106507543
156.5	4.046847106507543
157	4.175970188980569
157.5	4.175970188980569
158.0	4.175970188980569
158.5	4.175970188980569
159.0	4.175970188980569
159.5	4.175970188980569
160.0	4.175970188980569
160.5	4.214789757387075
161	4.215182396088019
161.5	4.215182396088019
162.0	4.215182396088019
162.5	4.215182396088019
163.0	4.215182396088019
163.5	4.215182396088019
164.0	4.215182396088019
164.5	4.215182396088019
165	4.252600667408231
165.5	4.252600667408231
166.0	4.252600667408231
166.5	4.252600667408231
167.0	4.252600667408231
