0	6.060033333333334
0.5	6.101176470588235
1	6.009627408993576
1.5	6.00950884086444
2	5.989669724770643
2.5	5.989669724770643
3	5.967345370726085
3.5	5.967345370726085
4.0	5.967345370726085
4.5	5.967345370726085
5.0	5.967345370726085
5.5	5.972415224913495
6.0	5.972415224913495
6.5	5.972415224913495
7.0	5.972415224913495
7.5	5.972415224913495
8.0	5.972415224913495
8.5	5.9717653194263365
9.0	5.9717653194263365
9.5	5.9717653194263365
10.0	5.9717653194263365
10.5	5.9717653194263365
11.0	5.9717653194263365
11.5	5.555321621621622
12.0	5.555321621621622
12.5	5.555321621621622
13.0	5.555321621621622
13.5	5.555321621621622
14.0	5.555321621621622
14.5	5.708423684210526
15.0	5.708423684210526
15.5	5.708423684210526
16.0	5.708423684210526
16.5	5.708423684210526
17.0	5.708423684210526
17.5	5.826754697154844
18	5.829090177673483
18.5	5.829090177673483
19.0	5.829090177673483
19.5	5.829090177673483
20.0	5.829090177673483
20.5	5.855355649940863
21	5.85641225626741
21.5	5.85641225626741
22.0	5.85641225626741
22.5	5.85641225626741
23.0	5.85641225626741
23.5	5.645347425576555
24	5.643583652618136
24.5	5.643583652618136
25.0	5.643583652618136
25.5	5.643583652618136
26.0	5.643583652618136
26.5	5.643583652618136
27	5.667188044831881
27.5	5.667188044831881
28.0	5.667188044831881
28.5	5.667188044831881
29.0	5.667188044831881
29.5	5.667188044831881
30.0	5.667188044831881
30.5	3.4449628516212156
31.0	3.4449628516212156
31.5	3.4449628516212156
32.0	3.4449628516212156
32.5	3.4449628516212156
33.0	3.4449628516212156
33.5	3.4449628516212156
34.0	3.4449628516212156
34.5	3.4449628516212156
35	5.845167684996605
35.5	5.845167684996605
36.0	5.845167684996605
36.5	5.845167684996605
37.0	5.845167684996605
37.5	5.845167684996605
38	5.824328139904611
38.5	5.824328139904611
39.0	5.824328139904611
39.5	5.824328139904611
40.0	5.824328139904611
40.5	5.824328139904611
41.0	5.824328139904611
41.5	3.9511021582733816
42.0	3.9511021582733816
42.5	3.9511021582733816
43.0	3.9511021582733816
43.5	3.9511021582733816
44.0	3.9511021582733816
44.5	3.9511021582733816
45.0	3.9511021582733816
45.5	5.3770605326876515
46.0	5.3770605326876515
46.5	5.3770605326876515
47.0	5.3770605326876515
47.5	5.3770605326876515
48.0	5.3770605326876515
48.5	5.3770605326876515
49	6.1510987522281635
49.5	6.1510987522281635
50.0	6.1510987522281635
50.5	6.1510987522281635
51.0	6.1510987522281635
51.5	6.1510987522281635
52	3.1902608015640275
52.5	3.1902608015640275
53.0	3.1902608015640275
53.5	3.1902608015640275
54.0	3.1902608015640275
54.5	3.1902608015640275
55.0	3.1902608015640275
55.5	3.1902608015640275
56.0	3.1902608015640275
56.5	3.1902608015640275
57	1.5613120516499281
57.5	1.5613120516499281
58.0	1.5613120516499281
58.5	1.5613120516499281
59.0	1.5613120516499281
59.5	1.5613120516499281
60.0	1.5613120516499281
60.5	1.5613120516499281
61.0	1.5613120516499281
61.5	1.5613120516499281
62.0	1.5613120516499281
62.5	1.5613120516499281
63.0	1.5613120516499281
63.5	1.5613120516499281
64.0	1.5613120516499281
64.5	1.5613120516499281
65.0	1.5613120516499281
65.5	1.5613120516499281
66.0	1.5613120516499281
66.5	1.5613120516499281
67.0	1.5613120516499281
67.5	1.5613120516499281
68	3.158731357881471
68.5	3.1929658641753504
69.0	3.1929658641753504
69.5	3.1929658641753504
70.0	3.1929658641753504
70.5	3.1929658641753504
71.0	3.1929658641753504
71.5	3.1929658641753504
72.0	3.1929658641753504
72.5	3.1929658641753504
73.0	3.1929658641753504
73.5	3.1929658641753504
74	5.211153601019758
74.5	5.211153601019758
75.0	5.211153601019758
75.5	5.211153601019758
76.0	5.211153601019758
76.5	5.211153601019758
77	5.215877284411498
77.5	5.215957066189624
78.0	5.215957066189624
78.5	5.215957066189624
79.0	5.215957066189624
79.5	5.215957066189624
80.0	5.215957066189624
80.5	3.991905190803508
81.0	3.991905190803508
81.5	3.991905190803508
82.0	3.991905190803508
82.5	3.991905190803508
83.0	3.991905190803508
83.5	3.991905190803508
84.0	3.991905190803508
84.5	3.991905190803508
85	3.8976416514134633
85.5	3.8976416514134633
86.0	3.8976416514134633
86.5	3.8976416514134633
87.0	3.8976416514134633
87.5	3.8976416514134633
88.0	3.8976416514134633
88.5	3.8976416514134633
89.0	3.8976416514134633
89.5	3.8976416514134633
90	4.684199524940618
90.5	4.684199524940618
91.0	4.684199524940618
91.5	4.684199524940618
92.0	4.684199524940618
92.5	4.684199524940618
93.0	4.684199524940618
93.5	4.3585788667687595
94.0	4.3585788667687595
94.5	4.3585788667687595
95.0	4.3585788667687595
95.5	4.3585788667687595
96.0	4.3585788667687595
96.5	4.3585788667687595
97.0	4.3585788667687595
97.5	4.154816414686825
98.0	4.154816414686825
98.5	4.154816414686825
99.0	4.154816414686825
99.5	4.154816414686825
100.0	4.154816414686825
100.5	4.154816414686825
101.0	4.154816414686825
101.5	6.201593543653705
102.0	6.201593543653705
102.5	6.201593543653705
103.0	6.201593543653705
103.5	6.201593543653705
104.0	6.201593543653705
104.5	6.23922149600581
105.0	6.23922149600581
105.5	6.23922149600581
106.0	6.23922149600581
106.5	6.23922149600581
107.0	6.23922149600581
107.5	5.878132796780684
108.0	5.878132796780684
108.5	5.878132796780684
109.0	5.878132796780684
109.5	5.878132796780684
110.0	5.878132796780684
110.5	5.8653696697659505
111.0	5.8653696697659505
111.5	5.8653696697659505
112.0	5.8653696697659505
112.5	5.8653696697659505
113.0	5.8653696697659505
113.5	6.258936214489445
114	6.269030899830221
114.5	6.269030899830221
115.0	6.269030899830221
115.5	6.269030899830221
116.0	6.269030899830221
116.5	6.049698139985352
117	6.045676418752203
117.5	6.045676418752203
118.0	6.045676418752203
118.5	6.045676418752203
119.0	6.045676418752203
119.5	5.74569696969697
120.0	5.74569696969697
120.5	5.74569696969697
121.0	5.74569696969697
121.5	5.74569696969697
122.0	5.74569696969697
122.5	5.782475934028946
123.0	5.782475934028946
123.5	5.782475934028946
124.0	5.782475934028946
124.5	5.782475934028946
125.0	5.782475934028946
125.5	5.830245901639344
126.0	5.830245901639344
126.5	5.830245901639344
127.0	5.830245901639344
127.5	5.830245901639344
128.0	5.830245901639344
128.5	4.773133166527662
129.0	4.773133166527662
129.5	4.773133166527662
130.0	4.773133166527662
130.5	4.773133166527662
131.0	4.773133166527662
131.5	4.773133166527662
132	4.315593950396223
132.5	4.277942683236115
133.0	4.277942683236115
133.5	4.277942683236115
134.0	4.277942683236115
134.5	4.277942683236115
135.0	4.277942683236115
135.5	4.277942683236115
136	5.879069715661799
136.5	5.904245945945946
137.0	5.904245945945946
137.5	5.904245945945946
138.0	5.904245945945946
138.5	5.904245945945946
139	5.750611194393852
139.5	5.748535049102608
140.0	5.748535049102608
140.5	5.748535049102608
141.0	5.748535049102608
141.5	5.748535049102608
142	5.301718166311077
142.5	5.294606620936475
143.0	5.294606620936475
143.5	5.294606620936475
144.0	5.294606620936475
144.5	5.294606620936475
145.0	5.294606620936475
145.5	6.213304093567252
146.0	6.213304093567252
146.5	6.213304093567252
147.0	6.213304093567252
147.5	6.213304093567252
148.0	6.213304093567252
148.5	6.391197724039829
149.0	6.391197724039829
149.5	6.391197724039829
150.0	6.391197724039829
150.5	6.391197724039829
151.0	6.391197724039829
151.5	5.37482699554642
152.0	5.37482699554642
152.5	5.37482699554642
153.0	5.37482699554642
153.5	5.37482699554642
154.0	5.37482699554642
154.5	4.787585670647042
155.0	4.787585670647042
155.5	4.787585670647042
156.0	4.787585670647042
156.5	4.787585670647042
157.0	4.787585670647042
157.5	4.787585670647042
158	4.26525251022685
158.5	4.26525251022685
159.0	4.26525251022685
159.5	4.26525251022685
160.0	4.26525251022685
160.5	4.26525251022685
