0	3.9414850948509486
0.5	3.9638216560509556
1	3.967574468085106
1.5	3.896611464968153
2	3.9004890224438102
2.5	3.901052132701422
3	3.880619625977059
3.5	3.8792154963680385
4.0	3.8792154963680385
4.5	3.8792154963680385
5	3.7776931494856645
5.5	3.7776931494856645
6.0	3.7776931494856645
6.5	3.7776931494856645
7.0	3.7776931494856645
7.5	3.7776931494856645
8.0	3.7776931494856645
8.5	3.7776931494856645
9.0	3.7776931494856645
9.5	3.7497699549733934
10.0	3.7497699549733934
10.5	3.7497699549733934
11.0	3.7497699549733934
11.5	3.7497699549733934
12.0	3.7497699549733934
12.5	3.7497699549733934
13.0	3.7497699549733934
13.5	3.7497699549733934
14.0	3.7497699549733934
14.5	3.518132648694908
15.0	3.518132648694908
15.5	3.518132648694908
16.0	3.518132648694908
16.5	3.518132648694908
17.0	3.518132648694908
17.5	3.518132648694908
18.0	3.518132648694908
18.5	3.518132648694908
19	3.536022080095623
19.5	3.5365005094762583
20.0	3.5365005094762583
20.5	3.5365005094762583
21.0	3.5365005094762583
21.5	3.5365005094762583
22.0	3.5365005094762583
22.5	3.5365005094762583
23.0	3.5365005094762583
23.5	3.5365005094762583
24.0	3.5365005094762583
24.5	3.5660738310090236
25.0	3.5660738310090236
25.5	3.5660738310090236
26.0	3.5660738310090236
26.5	3.5660738310090236
27.0	3.5660738310090236
27.5	3.5660738310090236
28.0	3.5660738310090236
28.5	3.5660738310090236
29	3.5591359974417682
29.5	3.5589538721963603
30.0	3.5589538721963603
30.5	3.5589538721963603
31.0	3.5589538721963603
31.5	3.5589538721963603
32.0	3.5589538721963603
32.5	3.5589538721963603
33.0	3.5589538721963603
33.5	3.5589538721963603
34	3.471951286584168
34.5	3.471951286584168
35.0	3.471951286584168
35.5	3.471951286584168
36.0	3.471951286584168
36.5	3.471951286584168
37.0	3.471951286584168
37.5	3.471951286584168
38.0	3.471951286584168
38.5	3.471951286584168
39.0	3.471951286584168
39.5	3.6289888357256777
40.0	3.6289888357256777
40.5	3.6289888357256777
41.0	3.6289888357256777
41.5	3.6289888357256777
42.0	3.6289888357256777
42.5	3.6289888357256777
43.0	3.6289888357256777
43.5	3.6289888357256777
44.0	3.6289888357256777
44.5	3.4846203301476977
45.0	3.4846203301476977
45.5	3.4846203301476977
46.0	3.4846203301476977
46.5	3.4846203301476977
47.0	3.4846203301476977
47.5	3.4846203301476977
48.0	3.4846203301476977
48.5	3.4846203301476977
49.0	3.4846203301476977
49.5	3.5837386056191467
50.0	3.5837386056191467
50.5	3.5837386056191467
51.0	3.5837386056191467
51.5	3.5837386056191467
52.0	3.5837386056191467
52.5	3.5837386056191467
53.0	3.5837386056191467
53.5	3.5837386056191467
54	3.47798757404828
54.5	3.4758087286527517
55.0	3.4758087286527517
55.5	3.4758087286527517
56.0	3.4758087286527517
56.5	3.4758087286527517
57.0	3.4758087286527517
57.5	3.4758087286527517
58.0	3.4758087286527517
58.5	3.4758087286527517
59.0	3.4758087286527517
59.5	3.421396426846934
60.0	3.421396426846934
60.5	3.421396426846934
61.0	3.421396426846934
61.5	3.4235675187013537
62	3.4235979202772966
62.5	3.4235979202772966
63.0	3.4235979202772966
63.5	3.4235979202772966
64	3.5804457364341085
64.5	3.5804457364341085
65.0	3.5804457364341085
65.5	3.5804457364341085
66	3.580733654997038
66.5	3.580738955823293
67.0	3.580738955823293
67.5	3.580738955823293
68.0	3.580738955823293
68.5	3.575970051474029
69.0	3.575970051474029
69.5	3.575970051474029
70.0	3.575970051474029
70.5	3.575349953831948
71.0	3.575349953831948
71.5	3.575349953831948
72.0	3.575349953831948
72.5	3.5468100554084954
73	3.546348884381339
73.5	3.546348884381339
74.0	3.546348884381339
74.5	3.5406410513635005
75	3.5405657959586003
75.5	3.5405657959586003
76.0	3.5405657959586003
76.5	3.5405657959586003
77	3.5629041675481274
77.5	3.5629041675481274
78.0	3.5629041675481274
78.5	3.5629041675481274
79.0	3.5629041675481274
79.5	3.5629041675481274
80.0	3.5629041675481274
80.5	3.5629041675481274
81.0	3.5629041675481274
81.5	3.5385347119645494
82.0	3.5385347119645494
82.5	3.5385347119645494
83.0	3.5385347119645494
83.5	3.5385347119645494
84.0	3.5385347119645494
84.5	3.5385347119645494
85.0	3.5385347119645494
85.5	3.5385347119645494
86.0	3.5385347119645494
86.5	3.5385347119645494
87	3.5994487793748577
87.5	3.5994487793748577
88.0	3.5994487793748577
88.5	3.5994487793748577
89.0	3.5994487793748577
89.5	3.5994487793748577
90.0	3.5994487793748577
90.5	3.5994487793748577
91.0	3.5994487793748577
91.5	3.46036717325228
92.0	3.46036717325228
92.5	3.46036717325228
93.0	3.46036717325228
93.5	3.46036717325228
94.0	3.46036717325228
94.5	3.46036717325228
95.0	3.46036717325228
95.5	3.46036717325228
96.0	3.46036717325228
96.5	3.5318482252141985
97.0	3.5318482252141985
97.5	3.5318482252141985
98.0	3.5318482252141985
98.5	3.5318482252141985
99.0	3.5318482252141985
99.5	3.5318482252141985
100.0	3.5318482252141985
100.5	3.5318482252141985
101.0	3.5318482252141985
101.5	3.3265533254624167
102.0	3.3265533254624167
102.5	3.3265533254624167
103.0	3.3265533254624167
103.5	3.3265533254624167
104.0	3.3265533254624167
104.5	3.3265533254624167
105.0	3.3265533254624167
105.5	3.3265533254624167
106.0	3.3265533254624167
106.5	3.435410791525765
107	3.4379383753501402
107.5	3.4379383753501402
108.0	3.4379383753501402
108.5	3.4379383753501402
109.0	3.4379383753501402
109.5	3.4379383753501402
110.0	3.4379383753501402
110.5	3.4379383753501402
111.0	3.4379383753501402
111.5	3.4379383753501402
112	3.380634908389585
112.5	3.380634908389585
113.0	3.380634908389585
113.5	3.380634908389585
114.0	3.380634908389585
114.5	3.380634908389585
115.0	3.380634908389585
115.5	3.380634908389585
116.0	3.380634908389585
116.5	3.380634908389585
117	3.695388083663523
117.5	3.713781567194478
118.0	3.713781567194478
118.5	3.713781567194478
119.0	3.713781567194478
119.5	3.713781567194478
120.0	3.713781567194478
120.5	3.713781567194478
121.0	3.713781567194478
121.5	3.713781567194478
122.0	3.713781567194478
122.5	3.584911844660194
123.0	3.584911844660194
123.5	3.584911844660194
124.0	3.584911844660194
124.5	3.584911844660194
125.0	3.584911844660194
125.5	3.584911844660194
126.0	3.584911844660194
126.5	3.584911844660194
127.0	3.584911844660194
127.5	2.8590738456409404
128.0	2.8590738456409404
128.5	2.8590738456409404
129.0	2.8590738456409404
129.5	2.8590738456409404
130.0	2.8590738456409404
130.5	2.8590738456409404
131.0	2.8590738456409404
131.5	2.8590738456409404
132.0	2.8590738456409404
132.5	2.8590738456409404
133.0	2.8590738456409404
133.5	3.732558709176905
134	3.7468280068309348
134.5	3.7468280068309348
135.0	3.7468280068309348
135.5	3.7468280068309348
136.0	3.7468280068309348
136.5	3.7468280068309348
137.0	3.7468280068309348
137.5	3.7468280068309348
138	3.798305549414106
138.5	3.798305549414106
139.0	3.798305549414106
139.5	3.798305549414106
140.0	3.798305549414106
140.5	3.798305549414106
141.0	3.798305549414106
141.5	3.798305549414106
142.0	3.798305549414106
142.5	3.713500108766587
143.0	3.713500108766587
143.5	3.713500108766587
144.0	3.713500108766587
144.5	3.713500108766587
145.0	3.713500108766587
145.5	3.713500108766587
146.0	3.713500108766587
146.5	3.713500108766587
147	3.616177713875797
147.5	3.613891262135922
148.0	3.613891262135922
148.5	3.613891262135922
149.0	3.613891262135922
149.5	3.5956020942408378
150.0	3.5956020942408378
150.5	3.5956020942408378
151.0	3.5956020942408378
151.5	3.612352422907489
152.0	3.612352422907489
152.5	3.612352422907489
153.0	3.612352422907489
153.5	3.6415202876219825
154.0	3.6415202876219825
154.5	3.6415202876219825
155.0	3.6415202876219825
155.5	3.646128217126813
156.0	3.646128217126813
156.5	3.646128217126813
157.0	3.646128217126813
157.5	3.646128217126813
158	3.5867003272557274
158.5	3.5867003272557274
159.0	3.5867003272557274
159.5	3.5867003272557274
160	3.778986050986051
160.5	3.778986050986051
161.0	3.778986050986051
161.5	3.778986050986051
162	3.84614950764128
162.5	3.850090797546012
163.0	3.850090797546012
163.5	3.850090797546012
164.0	3.850090797546012
164.5	3.850090797546012
165.0	3.850090797546012
165.5	3.850090797546012
166.0	3.850090797546012
166.5	3.466042621632489
167.0	3.466042621632489
167.5	3.466042621632489
168.0	3.466042621632489
168.5	3.466042621632489
169.0	3.466042621632489
169.5	3.466042621632489
170.0	3.466042621632489
170.5	3.466042621632489
171.0	3.466042621632489
171.5	3.665472674976031
172.0	3.665472674976031
172.5	3.665472674976031
173.0	3.665472674976031
173.5	3.665472674976031
174.0	3.665472674976031
