0	0.879859649122807
0.5	0.879859649122807
1.0	0.879859649122807
1.5	0.879859649122807
2	0.8846055437100213
2.5	0.8846055437100213
3.0	0.8846055437100213
3.5	0.8844711462450593
4.0	0.8844711462450593
4.5	0.8844711462450593
5	0.8837640369580667
5.5	0.8837640369580667
6.0	0.8837640369580667
6.5	0.8804956228956229
7.0	0.8804956228956229
7.5	0.8804956228956229
8	0.9052974910394265
8.5	0.9052974910394265
9	1.3743179167793502
9.5	1.3999543378995434
10	1.3469026512001805
10.5	1.3387874388511913
11.0	1.3387874388511913
11.5	1.3387874388511913
12.0	1.3387874388511913
12.5	1.3387874388511913
13.0	1.3387874388511913
13.5	1.3387874388511913
14.0	1.3387874388511913
14.5	1.3387874388511913
15.0	1.3387874388511913
15.5	1.3387874388511913
16.0	1.3387874388511913
16.5	1.307023754789272
17.0	1.307023754789272
17.5	1.307023754789272
18.0	1.307023754789272
18.5	1.307023754789272
19.0	1.307023754789272
19.5	1.307023754789272
20.0	1.307023754789272
20.5	1.307023754789272
21.0	1.307023754789272
21.5	1.307023754789272
22	1.3341430656934306
22.5	1.3341430656934306
23.0	1.3341430656934306
23.5	1.3341430656934306
24.0	1.3341430656934306
24.5	1.3341430656934306
25.0	1.3341430656934306
25.5	1.3341430656934306
26.0	1.3341430656934306
26.5	1.3341430656934306
27.0	1.3341430656934306
27.5	1.351042587601078
28.0	1.351042587601078
28.5	1.351042587601078
29.0	1.351042587601078
29.5	1.351042587601078
30.0	1.351042587601078
30.5	1.351042587601078
31.0	1.351042587601078
31.5	1.351042587601078
32.0	1.351042587601078
32.5	1.351042587601078
33	1.3599441770825653
33.5	1.3601601186063752
34.0	1.3601601186063752
34.5	1.3601601186063752
35.0	1.3601601186063752
35.5	1.3601601186063752
36.0	1.3601601186063752
36.5	1.3601601186063752
37.0	1.3601601186063752
37.5	1.3601601186063752
38.0	1.3601601186063752
38.5	1.347828494146153
39	1.3475908201387654
39.5	1.3475908201387654
40.0	1.3475908201387654
40.5	1.3475908201387654
41.0	1.3475908201387654
41.5	1.3475908201387654
42.0	1.3475908201387654
42.5	1.3475908201387654
43.0	1.3475908201387654
43.5	1.3475908201387654
44.0	1.3475908201387654
44.5	1.3590611375184396
45.0	1.3590611375184396
45.5	1.3590611375184396
46.0	1.3590611375184396
46.5	1.3590611375184396
47.0	1.3590611375184396
47.5	1.3590611375184396
48.0	1.3590611375184396
48.5	1.3590611375184396
49.0	1.3590611375184396
49.5	1.3590611375184396
50.0	1.3590611375184396
50.5	1.3866435643564357
51.0	1.3866435643564357
51.5	1.3848610763454317
52.0	1.3848610763454317
52.5	1.371329216152019
53.0	1.371329216152019
53.5	1.371329216152019
54.0	1.371329216152019
54.5	1.3574631483166515
55.0	1.3574631483166515
55.5	1.3574631483166515
56.0	1.3574631483166515
56.5	1.3574631483166515
57	1.3531142618849041
57.5	1.3531142618849041
58.0	1.3531142618849041
58.5	1.3531142618849041
59.0	1.3531142618849041
59.5	1.34977899543379
60.0	1.34977899543379
60.5	1.34977899543379
61.0	1.34977899543379
61.5	1.34977899543379
62.0	1.34977899543379
62.5	1.34977899543379
63.0	1.34977899543379
63.5	1.34977899543379
64.0	1.34977899543379
64.5	1.34977899543379
65	1.353221779548473
65.5	1.353221779548473
66.0	1.353221779548473
66.5	1.353221779548473
67.0	1.353221779548473
67.5	1.353221779548473
68.0	1.353221779548473
68.5	1.353221779548473
69.0	1.353221779548473
69.5	1.353221779548473
70.0	1.353221779548473
70.5	1.3607279202279203
71.0	1.3607279202279203
71.5	1.3607279202279203
72.0	1.3607279202279203
72.5	1.3607279202279203
73.0	1.3607279202279203
73.5	1.3607279202279203
74.0	1.3607279202279203
74.5	1.3607279202279203
75.0	1.3607279202279203
75.5	1.3607279202279203
76	1.3593484289977182
76.5	1.3593484289977182
77.0	1.3593484289977182
77.5	1.3593484289977182
78.0	1.3593484289977182
78.5	1.3593484289977182
79.0	1.3593484289977182
79.5	1.3593484289977182
80.0	1.3593484289977182
80.5	1.3593484289977182
81.0	1.3593484289977182
81.5	1.3593484289977182
82	1.3511205564142195
82.5	1.3511205564142195
83.0	1.3511205564142195
83.5	1.3511205564142195
84.0	1.3511205564142195
84.5	1.3511205564142195
85.0	1.3511205564142195
85.5	1.3511205564142195
86.0	1.3511205564142195
86.5	1.3511205564142195
87	1.3501108485626818
87.5	1.350086074046232
88.0	1.350086074046232
88.5	1.350086074046232
89.0	1.350086074046232
89.5	1.350086074046232
90.0	1.350086074046232
90.5	1.350086074046232
91.0	1.350086074046232
91.5	1.350086074046232
92.0	1.350086074046232
92.5	1.3600075060987051
93.0	1.3600075060987051
93.5	1.3600075060987051
94.0	1.3600075060987051
94.5	1.3600075060987051
95.0	1.3600075060987051
95.5	1.3600075060987051
96.0	1.3600075060987051
96.5	1.3600075060987051
97.0	1.3600075060987051
97.5	1.3600075060987051
98	1.3675439822165767
98.5	1.3675439822165767
99.0	1.3675439822165767
99.5	1.3675439822165767
100.0	1.3675439822165767
100.5	1.3675439822165767
101.0	1.3675439822165767
101.5	1.3675439822165767
102.0	1.3675439822165767
102.5	1.3675439822165767
103.0	1.3675439822165767
103.5	1.3675439822165767
104.0	1.3675439822165767
104.5	1.420511182108626
105	1.3995899772209568
105.5	1.3995899772209568
106	1.4009776733254993
106.5	1.4009776733254993
107	1.3837489135683245
107.5	1.3837489135683245
108.0	1.3837489135683245
108.5	1.3837489135683245
109	1.3695156660545682
109.5	1.3686222222222222
110.0	1.3686222222222222
110.5	1.3686222222222222
111.0	1.3686222222222222
111.5	1.3598033416554638
112.0	1.3598033416554638
112.5	1.3598033416554638
113.0	1.3598033416554638
113.5	1.3598033416554638
114.0	1.3598033416554638
114.5	1.3598033416554638
115.0	1.3598033416554638
115.5	1.3598033416554638
116.0	1.3598033416554638
116.5	1.3598033416554638
117	1.358031152647975
117.5	1.358031152647975
118.0	1.358031152647975
118.5	1.358031152647975
119.0	1.358031152647975
119.5	1.358031152647975
120.0	1.358031152647975
120.5	1.358031152647975
121.0	1.358031152647975
121.5	1.358031152647975
122.0	1.358031152647975
122.5	1.358031152647975
123	1.3633031057963794
123.5	1.3633031057963794
124.0	1.3633031057963794
124.5	1.3633031057963794
125.0	1.3633031057963794
125.5	1.3633031057963794
126.0	1.3633031057963794
126.5	1.3633031057963794
127.0	1.3633031057963794
127.5	1.3633031057963794
128.0	1.3633031057963794
128.5	1.3633031057963794
129	1.3726421731805032
129.5	1.3727569532812216
130.0	1.3727569532812216
130.5	1.3727569532812216
131.0	1.3727569532812216
131.5	1.3727569532812216
132.0	1.3727569532812216
132.5	1.3727569532812216
133.0	1.3727569532812216
133.5	1.3727569532812216
134.0	1.3727569532812216
134.5	1.3727569532812216
135	1.3511807228915664
135.5	1.3511807228915664
136.0	1.3511807228915664
136.5	1.3511807228915664
137.0	1.3511807228915664
137.5	1.3511807228915664
138.0	1.3511807228915664
138.5	1.3511807228915664
139	1.3516893719605547
139.5	1.3517004500450045
140.0	1.3517004500450045
140.5	1.3517004500450045
141.0	1.3517004500450045
141.5	1.3517004500450045
142.0	1.3517004500450045
142.5	1.3517004500450045
143.0	1.3517004500450045
143.5	1.3517004500450045
144.0	1.3517004500450045
144.5	1.3517004500450045
145	1.3726057401812688
145.5	1.3726057401812688
146.0	1.3726057401812688
146.5	1.3726057401812688
147.0	1.3726057401812688
147.5	1.3726057401812688
148.0	1.3726057401812688
148.5	1.3726057401812688
149.0	1.3726057401812688
149.5	1.3726057401812688
150.0	1.3726057401812688
150.5	1.3612389833607605
151.0	1.3612389833607605
151.5	1.3612389833607605
152.0	1.3612389833607605
152.5	1.3612389833607605
153.0	1.3612389833607605
153.5	1.3612389833607605
154.0	1.3612389833607605
154.5	1.3612389833607605
155.0	1.3612389833607605
155.5	1.3612389833607605
156	1.3562944062806672
156.5	1.3562944062806672
157.0	1.3562944062806672
157.5	1.3562944062806672
158	1.3644425711275026
158.5	1.3644425711275026
159	1.3518365122615803
159.5	1.3518365122615803
160.0	1.3518365122615803
160.5	1.3518365122615803
161.0	1.3518365122615803
161.5	1.36855893832943
162.0	1.36855893832943
162.5	1.36855893832943
163.0	1.36855893832943
163.5	1.36855893832943
164	1.3770043140638482
164.5	1.3770043140638482
165.0	1.3770043140638482
165.5	1.3770043140638482
166.0	1.3770043140638482
166.5	1.3805574057843997
167.0	1.3805574057843997
167.5	1.3805574057843997
168.0	1.3805574057843997
168.5	1.3805574057843997
169	1.3708415841584158
169.5	1.3708415841584158
170.0	1.3708415841584158
170.5	1.3708415841584158
171.0	1.3708415841584158
171.5	1.3708415841584158
172.0	1.3708415841584158
172.5	1.3708415841584158
173.0	1.3708415841584158
173.5	1.3695449199151366
174	1.3695307443365696
174.5	1.3695307443365696
175.0	1.3695307443365696
175.5	1.3695307443365696
176.0	1.3695307443365696
176.5	1.3695307443365696
177.0	1.3695307443365696
177.5	1.3695307443365696
178.0	1.3695307443365696
178.5	1.3649558059966431
179	1.364900284900285
179.5	1.364900284900285
180.0	1.364900284900285
180.5	1.364900284900285
181.0	1.364900284900285
181.5	1.364900284900285
182.0	1.364900284900285
