0	3.797409921671018
0.5	3.813053555723764
1	3.8186211604095566
1.5	3.7531779141104296
2.0	3.7531779141104296
2.5	3.7348908665105385
3.0	3.7348908665105385
3.5	3.7348908665105385
4.0	3.7348908665105385
4.5	3.7410764740221834
5.0	3.7410764740221834
5.5	3.7410764740221834
6.0	3.7410764740221834
6.5	3.743731266149871
7.0	3.743731266149871
7.5	3.743731266149871
8.0	3.743731266149871
8.5	3.7341091549295773
9.0	3.7341091549295773
9.5	3.7341091549295773
10.0	3.7341091549295773
10.5	3.723807219413198
11	3.723675724637681
11.5	3.723675724637681
12.0	3.723675724637681
12.5	3.723675724637681
13.0	3.723675724637681
13.5	3.723675724637681
14.0	3.723675724637681
14.5	3.723675724637681
15	3.731018304553073
15.5	3.7311563104708667
16.0	3.7311563104708667
16.5	3.7311563104708667
17.0	3.7311563104708667
17.5	3.7311563104708667
18.0	3.7311563104708667
18.5	3.7311563104708667
19.0	3.7311563104708667
19.5	3.7311563104708667
20	3.7482595386936843
20.5	3.7482595386936843
21.0	3.7482595386936843
21.5	3.7482595386936843
22.0	3.7482595386936843
22.5	3.7482595386936843
23.0	3.7482595386936843
23.5	3.7482595386936843
24.0	3.7482595386936843
24.5	3.764461951656222
25.0	3.764461951656222
25.5	3.764461951656222
26.0	3.764461951656222
26.5	3.764461951656222
27.0	3.764461951656222
27.5	3.764461951656222
28.0	3.764461951656222
28.5	3.764461951656222
29	3.928807290509002
29.5	3.928807290509002
30.0	3.928807290509002
30.5	3.928807290509002
31.0	3.928807290509002
31.5	3.928807290509002
32.0	3.928807290509002
32.5	3.928807290509002
33.0	3.928807290509002
33.5	2.9787622536708005
34	2.957434281072299
34.5	2.957434281072299
35.0	2.957434281072299
35.5	2.957434281072299
36.0	2.957434281072299
36.5	2.957434281072299
37.0	2.957434281072299
37.5	2.957434281072299
38.0	2.957434281072299
38.5	2.957434281072299
39.0	2.957434281072299
39.5	2.957434281072299
40	2.59682615733247
40.5	2.59682615733247
41.0	2.59682615733247
41.5	2.59682615733247
42.0	2.59682615733247
42.5	2.59682615733247
43.0	2.59682615733247
43.5	2.59682615733247
44.0	2.59682615733247
44.5	2.59682615733247
45.0	2.59682615733247
45.5	2.59682615733247
46	3.3465521141995604
46.5	3.360629195940671
47.0	3.360629195940671
47.5	3.360629195940671
48.0	3.360629195940671
48.5	3.360629195940671
49.0	3.360629195940671
49.5	3.360629195940671
50.0	3.360629195940671
50.5	3.360629195940671
51.0	3.360629195940671
51.5	2.8081422658286064
52.0	2.8081422658286064
52.5	2.8081422658286064
53.0	2.8081422658286064
53.5	2.8081422658286064
54.0	2.8081422658286064
54.5	2.8081422658286064
55.0	2.8081422658286064
55.5	2.8081422658286064
56.0	2.8081422658286064
56.5	2.8081422658286064
57.0	2.8081422658286064
57.5	2.8081422658286064
58	2.808165024918935
58.5	2.8081653319555673
59.0	2.8081653319555673
59.5	2.8081653319555673
60.0	2.8081653319555673
60.5	2.8081653319555673
61.0	2.8081653319555673
61.5	2.8081653319555673
62	2.812824657690171
62.5	2.8129811320754716
63.0	2.8129811320754716
63.5	2.8129811320754716
64.0	2.8129811320754716
64.5	2.8129811320754716
65	2.814181264280274
65.5	2.814181264280274
66.0	2.814181264280274
66.5	2.814181264280274
67.0	2.814181264280274
67.5	2.814181264280274
68	2.2179203980099502
68.5	2.2179203980099502
69.0	2.2179203980099502
69.5	2.2179203980099502
70.0	2.2179203980099502
70.5	2.2179203980099502
71	3.3010142548596115
71.5	3.3010142548596115
72.0	3.3010142548596115
72.5	3.3010142548596115
73.0	3.3010142548596115
73.5	3.3109055151774265
74.0	3.3109055151774265
74.5	3.3109055151774265
75.0	3.3109055151774265
75.5	3.3109055151774265
76	3.424779627815867
76.5	3.424779627815867
77.0	3.424779627815867
77.5	3.424779627815867
78	3.6429046653144015
78.5	3.6429046653144015
79.0	3.6429046653144015
79.5	3.6429046653144015
80	4.037593314763232
80.5	4.037593314763232
81.0	4.037593314763232
81.5	4.037593314763232
82	3.556066061106524
82.5	3.556066061106524
83.0	3.556066061106524
83.5	3.556066061106524
84.0	3.556066061106524
84.5	2.1693762517882687
85.0	2.1693762517882687
85.5	2.1693762517882687
86.0	2.1693762517882687
86.5	2.1693762517882687
87.0	2.1693762517882687
87.5	2.5709890981169474
88.0	2.5709890981169474
88.5	2.5709890981169474
89.0	2.5709890981169474
89.5	2.5709890981169474
90.0	2.5709890981169474
90.5	4.085027734170591
91.0	4.085027734170591
91.5	4.085027734170591
92.0	4.085027734170591
92.5	3.9360987194412105
93.0	3.9360987194412105
93.5	3.9360987194412105
94.0	3.9360987194412105
94.5	3.9360987194412105
95.0	3.9360987194412105
95.5	3.9360987194412105
96.0	3.9360987194412105
96.5	3.9360987194412105
97	3.4867727272727276
97.5	3.4867727272727276
98.0	3.4867727272727276
98.5	3.4867727272727276
99.0	3.4867727272727276
99.5	3.4867727272727276
100.0	3.4867727272727276
100.5	3.4867727272727276
101.0	3.4867727272727276
101.5	3.4867727272727276
102	3.927535738292628
102.5	3.927535738292628
103.0	3.927535738292628
103.5	3.927535738292628
104.0	3.927535738292628
104.5	3.927535738292628
105.0	3.927535738292628
105.5	3.927535738292628
106.0	3.927535738292628
106.5	3.6391661030435647
107.0	3.6391661030435647
107.5	3.6391661030435647
108.0	3.6391661030435647
108.5	3.6391661030435647
109.0	3.6391661030435647
109.5	3.6391661030435647
110.0	3.6391661030435647
110.5	3.6391661030435647
111.0	3.6391661030435647
111.5	3.730510406142655
112.0	3.730510406142655
112.5	3.730510406142655
113.0	3.730510406142655
113.5	3.730510406142655
114.0	3.730510406142655
114.5	3.730510406142655
115.0	3.730510406142655
115.5	3.730510406142655
116.0	3.730510406142655
116.5	3.9675188526486234
117.0	3.9675188526486234
117.5	3.9675188526486234
118.0	3.9675188526486234
118.5	3.9675188526486234
119.0	3.9675188526486234
119.5	3.9675188526486234
120.0	3.9675188526486234
120.5	3.9675188526486234
121	3.9726456285566476
121.5	3.9726456285566476
122.0	3.9726456285566476
122.5	3.9726456285566476
123.0	3.9726456285566476
123.5	3.9726456285566476
124.0	3.9726456285566476
124.5	3.9726456285566476
125	3.9312897025171623
125.5	3.9312897025171623
126.0	3.9312897025171623
126.5	3.9312897025171623
127.0	3.9312897025171623
127.5	3.9312897025171623
128.0	3.9312897025171623
128.5	3.9312897025171623
129.0	3.9312897025171623
129.5	3.9552734012974975
130.0	3.9552734012974975
130.5	3.9552734012974975
131.0	3.9552734012974975
131.5	3.9552734012974975
132.0	3.9552734012974975
132.5	3.9552734012974975
133.0	3.9552734012974975
133.5	3.9552734012974975
134	3.9002635165833714
134.5	3.9002635165833714
135.0	3.9002635165833714
135.5	3.9002635165833714
136.0	3.9002635165833714
136.5	3.9002635165833714
137.0	3.9002635165833714
137.5	3.9002635165833714
138.0	3.9002635165833714
138.5	3.865244729605866
139.0	3.865244729605866
139.5	3.865244729605866
140.0	3.865244729605866
140.5	3.865244729605866
141.0	3.865244729605866
141.5	3.865244729605866
142.0	3.865244729605866
142.5	3.865244729605866
143	3.789368603642671
143.5	3.789368603642671
144.0	3.789368603642671
144.5	3.789368603642671
145.0	3.789368603642671
145.5	3.789368603642671
146.0	3.789368603642671
146.5	3.789368603642671
147.0	3.789368603642671
147.5	3.777352914997775
148.0	3.777352914997775
148.5	3.777352914997775
149.0	3.777352914997775
149.5	3.777352914997775
150.0	3.777352914997775
150.5	3.777352914997775
151.0	3.777352914997775
151.5	3.777352914997775
152	3.9463144450999263
152.5	3.950337338673787
153.0	3.950337338673787
153.5	3.950337338673787
154.0	3.950337338673787
154.5	3.950337338673787
155.0	3.950337338673787
155.5	3.950337338673787
156.0	3.950337338673787
156.5	3.950337338673787
157	3.950639089007669
157.5	3.950639089007669
158.0	3.950639089007669
158.5	3.950639089007669
159.0	3.950639089007669
159.5	3.950639089007669
160.0	3.950639089007669
160.5	3.950639089007669
161	3.9507660394365844
161.5	3.950768960211035
162.0	3.950768960211035
162.5	3.950768960211035
163.0	3.950768960211035
163.5	3.950768960211035
164.0	3.950768960211035
164.5	3.950768960211035
165.0	3.950768960211035
165.5	3.950768960211035
166	2.698042992261393
166.5	2.698042992261393
167.0	2.698042992261393
167.5	2.698042992261393
168.0	2.698042992261393
168.5	2.698042992261393
169.0	2.698042992261393
169.5	2.698042992261393
170.0	2.698042992261393
170.5	2.698042992261393
171.0	2.698042992261393
171.5	2.412218054791551
172	2.398455203116305
172.5	2.398455203116305
173.0	2.398455203116305
173.5	2.398455203116305
174.0	2.398455203116305
174.5	2.398455203116305
175.0	2.398455203116305
175.5	2.398455203116305
176.0	2.398455203116305
176.5	2.398455203116305
177.0	2.398455203116305
177.5	2.398455203116305
178.0	2.398455203116305
178.5	2.398455203116305
179	2.5230937620052947
179.5	2.5251571994715984
180.0	2.5251571994715984
180.5	2.5251571994715984
181.0	2.5251571994715984
181.5	2.5251571994715984
182.0	2.5251571994715984
182.5	2.5251571994715984
183.0	2.5251571994715984
183.5	2.5251571994715984
