0	0.7567159209157128
0.5	0.7567159209157128
1.0	0.7567159209157128
1.5	0.7567159209157128
2	0.7947372463684205
2.5	0.796933066933067
3.0	0.796933066933067
3.5	0.796933066933067
4.0	0.796933066933067
4.5	0.796933066933067
5.0	0.796933066933067
5.5	0.796933066933067
6.0	0.796933066933067
6.5	1.4587431551499348
7	1.4608302486774651
7.5	1.4611703877790836
8	1.4472474725274727
8.5	1.4472474725274727
9.0	1.4472474725274727
9.5	1.4472474725274727
10.0	1.4472474725274727
10.5	1.4374010152284262
11.0	1.4374010152284262
11.5	1.4374010152284262
12.0	1.4374010152284262
12.5	1.128543386820377
13.0	1.128543386820377
13.5	1.128543386820377
14.0	1.128543386820377
14.5	1.128543386820377
15.0	1.128543386820377
15.5	1.128543386820377
16.0	1.128543386820377
16.5	1.128543386820377
17.0	1.128543386820377
17.5	1.128543386820377
18.0	1.128543386820377
18.5	1.128543386820377
19	1.3761388483373884
19.5	1.3761388483373884
20.0	1.3761388483373884
20.5	1.3761388483373884
21.0	1.3761388483373884
21.5	1.3761388483373884
22.0	1.3761388483373884
22.5	1.3761388483373884
23.0	1.3761388483373884
23.5	1.3761388483373884
24.0	1.3761388483373884
24.5	1.3761388483373884
25	1.6053141123264734
25.5	1.6102582015577058
26.0	1.6102582015577058
26.5	1.6102582015577058
27.0	1.6102582015577058
27.5	1.6102582015577058
28.0	1.6102582015577058
28.5	1.6102582015577058
29.0	1.6102582015577058
29.5	1.2308255892255893
30.0	1.2308255892255893
30.5	1.2308255892255893
31.0	1.2308255892255893
31.5	1.2308255892255893
32.0	1.2308255892255893
32.5	1.2308255892255893
33.0	1.2308255892255893
33.5	1.2308255892255893
34.0	1.2308255892255893
34.5	1.2308255892255893
35.0	1.2308255892255893
35.5	1.3641998877035373
36.0	1.3641998877035373
36.5	1.3641998877035373
37.0	1.3641998877035373
37.5	1.3641998877035373
38.0	1.3641998877035373
38.5	1.3641998877035373
39	1.4239451165379193
39.5	1.4290440917107583
40.0	1.4290440917107583
40.5	1.4290440917107583
41.0	1.4290440917107583
41.5	1.4787511679913938
42	1.4798250863060989
42.5	1.0689394530780203
43	1.0069992713140636
43.5	1.0069992713140636
44.0	1.0069992713140636
44.5	1.0069992713140636
45.0	1.0069992713140636
45.5	1.0069992713140636
46.0	1.0069992713140636
46.5	1.0069992713140636
47.0	1.0069992713140636
47.5	1.0069992713140636
48.0	1.0069992713140636
48.5	1.0069992713140636
49.0	1.0069992713140636
49.5	1.0069992713140636
50.0	1.0069992713140636
50.5	1.0069992713140636
51	1.4615024390243903
51.5	1.4615024390243903
52.0	1.4615024390243903
52.5	1.4615024390243903
53	1.3268623188405797
53.5	1.3268623188405797
54.0	1.3268623188405797
54.5	1.3268623188405797
55	1.286734380447562
55.5	1.2849169919333854
56.0	1.2849169919333854
56.5	1.2849169919333854
57.0	1.2849169919333854
57.5	1.2849169919333854
58.0	1.2849169919333854
58.5	1.2849169919333854
59	1.4289770114942528
59.5	1.4289770114942528
60.0	1.4289770114942528
60.5	1.4289770114942528
61.0	1.4289770114942528
61.5	1.1876896046852123
62.0	1.1876896046852123
62.5	1.1876896046852123
63.0	1.1876896046852123
63.5	1.1876896046852123
64	1.094695278969957
64.5	1.094695278969957
65.0	1.094695278969957
65.5	1.094695278969957
66.0	1.094695278969957
66.5	1.094695278969957
67	1.4215062068965516
67.5	1.4215062068965516
68.0	1.4215062068965516
68.5	1.4215062068965516
69	1.4551662839666974
69.5	1.4572555301296721
70.0	1.4572555301296721
70.5	1.4572555301296721
71.0	1.4572555301296721
71.5	1.4572555301296721
72.0	1.4572555301296721
72.5	1.4572555301296721
73.0	1.4572555301296721
73.5	1.4572555301296721
74.0	1.4572555301296721
74.5	1.2378849104859335
75.0	1.2378849104859335
75.5	1.2378849104859335
76.0	1.2378849104859335
76.5	1.2378849104859335
77.0	1.2378849104859335
77.5	1.2378849104859335
78.0	1.2378849104859335
78.5	1.2378849104859335
79.0	1.2378849104859335
79.5	1.2378849104859335
80.0	1.2378849104859335
80.5	1.2378849104859335
81	1.45332502078138
81.5	1.45332502078138
82.0	1.45332502078138
82.5	1.45332502078138
83.0	1.45332502078138
83.5	1.45332502078138
84.0	1.45332502078138
84.5	1.45332502078138
85.0	1.45332502078138
85.5	1.45332502078138
86	0.9636228034875922
86.5	0.9636228034875922
87.0	0.9636228034875922
87.5	0.9636228034875922
88.0	0.9636228034875922
88.5	0.9636228034875922
89.0	0.9636228034875922
89.5	0.9636228034875922
90.0	0.9636228034875922
90.5	0.9636228034875922
91.0	0.9636228034875922
91.5	0.9636228034875922
92.0	0.9636228034875922
92.5	0.9636228034875922
93.0	0.9636228034875922
93.5	1.6217229805325575
94.0	1.6217229805325575
94.5	1.6217229805325575
95.0	1.6217229805325575
95.5	1.6217229805325575
96.0	1.6217229805325575
96.5	1.6217229805325575
97.0	1.6217229805325575
97.5	1.6217229805325575
98	1.1066159578568675
98.5	1.1066159578568675
99.0	1.1066159578568675
99.5	1.1066159578568675
100.0	1.1066159578568675
100.5	1.1066159578568675
101.0	1.1066159578568675
101.5	1.1066159578568675
102.0	1.1066159578568675
102.5	1.1066159578568675
103.0	1.1066159578568675
103.5	1.1066159578568675
104.0	1.1066159578568675
104.5	1.1066159578568675
105.0	1.1066159578568675
105.5	1.1066159578568675
106	0.8501338432122372
106.5	0.8501338432122372
107	1.3142673796791444
107.5	1.3142673796791444
108	1.3029857923497268
108.5	1.3029857923497268
109	1.2937896162528215
109.5	1.2937896162528215
110.0	1.2937896162528215
110.5	1.2937896162528215
111.0	1.2937896162528215
111.5	1.0982770919067215
112.0	1.0982770919067215
112.5	1.0982770919067215
113.0	1.0982770919067215
113.5	1.0982770919067215
114.0	1.0982770919067215
114.5	1.0685928161786902
115.0	1.0685928161786902
115.5	1.0685928161786902
116.0	1.0685928161786902
116.5	1.0685928161786902
117.0	1.0685928161786902
117.5	1.0685928161786902
118.0	1.0685928161786902
118.5	1.0685928161786902
119.0	1.0685928161786902
119.5	1.0685928161786902
120.0	1.0685928161786902
120.5	1.0685928161786902
121	1.1649271448663854
121.5	1.1649271448663854
122.0	1.1649271448663854
122.5	1.1649271448663854
123.0	1.1649271448663854
123.5	1.1649271448663854
124.0	1.1649271448663854
124.5	1.1649271448663854
125.0	1.1649271448663854
125.5	1.1649271448663854
126.0	1.1649271448663854
126.5	1.1649271448663854
127.0	1.1649271448663854
127.5	1.1649271448663854
128.0	1.1649271448663854
128.5	1.3284427900954847
129.0	1.3284427900954847
129.5	1.3284427900954847
130.0	1.3284427900954847
130.5	1.3284427900954847
131.0	1.3284427900954847
131.5	1.3284427900954847
132.0	1.3284427900954847
132.5	1.3284427900954847
133.0	1.3284427900954847
133.5	1.3284427900954847
134.0	1.3284427900954847
134.5	1.3119416261292565
135.0	1.3119416261292565
135.5	1.3119416261292565
136.0	1.3119416261292565
136.5	1.3119416261292565
137.0	1.3119416261292565
137.5	1.3119416261292565
138.0	1.3119416261292565
138.5	1.3119416261292565
139.0	1.3119416261292565
139.5	1.3119416261292565
140.0	1.3119416261292565
140.5	1.399831012962074
141.0	1.399831012962074
141.5	1.399831012962074
142.0	1.399831012962074
142.5	1.399831012962074
143.0	1.399831012962074
143.5	1.399831012962074
144.0	1.399831012962074
144.5	1.4138521148964143
145	1.4143333961197966
145.5	1.4143333961197966
146.0	1.4143333961197966
146.5	1.4143333961197966
147.0	1.4143333961197966
147.5	1.4143333961197966
148.0	1.4143333961197966
148.5	1.4143333961197966
149.0	1.4143333961197966
149.5	1.4143333961197966
150	1.6290187230781485
150.5	1.6322942008486563
151	1.6259186991869918
151.5	1.6259186991869918
152	1.5791197771587744
152.5	1.5791197771587744
153.0	1.5791197771587744
153.5	1.5791197771587744
154.0	1.5791197771587744
154.5	1.5791197771587744
155	1.2851530177811168
155.5	1.2851530177811168
156.0	1.2851530177811168
156.5	1.2851530177811168
157.0	1.2851530177811168
157.5	1.2851530177811168
158.0	1.2851530177811168
158.5	1.2851530177811168
159	1.1054006859993764
159.5	1.1054006859993764
160.0	1.1054006859993764
160.5	1.1054006859993764
161.0	1.1054006859993764
161.5	1.1054006859993764
162.0	1.1054006859993764
162.5	1.1054006859993764
163.0	1.1054006859993764
163.5	1.1054006859993764
164.0	1.1054006859993764
164.5	1.1054006859993764
165.0	1.1054006859993764
165.5	1.4434944421572664
166.0	1.4434944421572664
166.5	1.4434944421572664
167.0	1.4434944421572664
167.5	1.4434944421572664
168	1.2053987915407853
168.5	1.2053987915407853
169.0	1.2053987915407853
169.5	1.2053987915407853
170.0	1.2053987915407853
170.5	1.1422508383635146
171.0	1.1422508383635146
171.5	1.1422508383635146
172.0	1.1422508383635146
172.5	1.1422508383635146
173.0	1.1422508383635146
173.5	1.1422508383635146
174.0	1.1422508383635146
174.5	1.1422508383635146
175	1.2846378930770588
175.5	1.2882031401434388
176.0	1.2882031401434388
176.5	1.2882031401434388
177.0	1.2882031401434388
177.5	1.2882031401434388
178.0	1.2882031401434388
178.5	1.2882031401434388
179.0	1.2882031401434388
179.5	1.2882031401434388
180.0	1.2882031401434388
180.5	1.6486389091794498
181.0	1.6486389091794498
181.5	1.6486389091794498
182.0	1.6486389091794498
182.5	1.6486389091794498
183.0	1.6486389091794498
183.5	1.6486389091794498
184.0	1.6486389091794498
184.5	1.2368635710213223
185	1.2268373879641485
185.5	1.2268373879641485
186.0	1.2268373879641485
186.5	1.2268373879641485
187.0	1.2268373879641485
187.5	1.2268373879641485
188.0	1.2268373879641485
