0	1.1327165109034267
0.5	1.1327165109034267
1.0	1.1327165109034267
1.5	1.1450229990800367
2.0	1.1450229990800367
2.5	1.1450229990800367
3	1.1405259938837922
3.5	1.1405259938837922
4	1.1418328741965107
4.5	1.1418328741965107
5	1.135013888888889
5.5	1.135013888888889
6.0	1.135013888888889
6.5	1.1506970387243736
7.0	1.1506970387243736
7.5	1.1397397769516728
8.0	1.1397397769516728
8.5	1.1195802761341223
9.0	1.1195802761341223
9.5	1.1195802761341223
10.0	1.1195802761341223
10.5	1.1195802761341223
11.0	1.1195802761341223
11.5	1.1195802761341223
12.0	1.1195802761341223
12.5	1.1195802761341223
13.0	1.1195802761341223
13.5	1.1195802761341223
14	1.1206741130091984
14.5	1.1206741130091984
15.0	1.1206741130091984
15.5	1.1206741130091984
16.0	1.1206741130091984
16.5	1.1206741130091984
17.0	1.1206741130091984
17.5	1.1206741130091984
18.0	1.1206741130091984
18.5	1.1206741130091984
19.0	1.1206741130091984
19.5	1.1206741130091984
20	1.1529891184355778
20.5	1.1529891184355778
21.0	1.1529891184355778
21.5	1.1529891184355778
22.0	1.1529891184355778
22.5	1.1529891184355778
23.0	1.1529891184355778
23.5	1.1529891184355778
24.0	1.1529891184355778
24.5	1.1529891184355778
25.0	1.1529891184355778
25.5	1.1529891184355778
26.0	1.1529891184355778
26.5	1.1780871200250707
27.0	1.1780871200250707
27.5	1.1780871200250707
28.0	1.1780871200250707
28.5	1.1780871200250707
29.0	1.1780871200250707
29.5	1.1780871200250707
30.0	1.1780871200250707
30.5	1.1780871200250707
31.0	1.1780871200250707
31.5	1.1780871200250707
32.0	1.1780871200250707
32.5	1.1780871200250707
33	1.1113603876438523
33.5	1.1113603876438523
34.0	1.1113603876438523
34.5	1.1113603876438523
35.0	1.1113603876438523
35.5	1.1113603876438523
36.0	1.1113603876438523
36.5	1.1113603876438523
37.0	1.1113603876438523
37.5	1.1113603876438523
38.0	1.1113603876438523
38.5	1.1113603876438523
39.0	1.1113603876438523
39.5	1.0365090311986864
40.0	1.0365090311986864
40.5	1.0365090311986864
41.0	1.0365090311986864
41.5	1.0365090311986864
42.0	1.0365090311986864
42.5	1.0365090311986864
43.0	1.0365090311986864
43.5	1.0365090311986864
44.0	1.0365090311986864
44.5	1.0365090311986864
45.0	1.0365090311986864
45.5	1.0365090311986864
46.0	1.0365090311986864
46.5	1.0365090311986864
47	1.2067181208053692
47.5	1.2067181208053692
48.0	1.2067181208053692
48.5	1.2178347826086957
49.0	1.2178347826086957
49.5	1.2159384615384616
50.0	1.2159384615384616
50.5	1.1992721229746572
51.0	1.1992721229746572
51.5	1.1992721229746572
52.0	1.1992721229746572
52.5	1.1992721229746572
53	1.1306191739295188
53.5	1.1306191739295188
54.0	1.1306191739295188
54.5	1.1306191739295188
55.0	1.1306191739295188
55.5	1.1104521172638435
56.0	1.1104521172638435
56.5	1.1104521172638435
57.0	1.1104521172638435
57.5	1.1104521172638435
58.0	1.1104521172638435
58.5	1.1104521172638435
59.0	1.1104521172638435
59.5	1.1104521172638435
60.0	1.1104521172638435
60.5	1.175260814249364
61.0	1.175260814249364
61.5	1.175260814249364
62.0	1.175260814249364
62.5	1.175260814249364
63.0	1.175260814249364
63.5	1.175260814249364
64.0	1.175260814249364
64.5	1.175260814249364
65.0	1.175260814249364
65.5	1.175260814249364
66.0	1.175260814249364
66.5	0.8373832049873573
67	0.8315262298904174
67.5	0.8315262298904174
68.0	0.8315262298904174
68.5	0.8315262298904174
69.0	0.8315262298904174
69.5	0.8315262298904174
70.0	0.8315262298904174
70.5	0.8315262298904174
71.0	0.8315262298904174
71.5	0.8315262298904174
72.0	0.8315262298904174
72.5	0.8315262298904174
73.0	0.8315262298904174
73.5	0.8315262298904174
74.0	0.8315262298904174
74.5	0.8315262298904174
75.0	0.8315262298904174
75.5	0.7623768115942029
76.0	0.7623768115942029
76.5	0.7623768115942029
77.0	0.7623768115942029
77.5	0.8945538881309686
78.0	0.8945538881309686
78.5	0.8945538881309686
79	1.2114763476347634
79.5	1.2114763476347634
80	1.1801885986528668
80.5	1.1801885986528668
81.0	1.1801885986528668
81.5	1.1801885986528668
82.0	1.1801885986528668
82.5	1.1801885986528668
83.0	1.1801885986528668
83.5	1.1801885986528668
84.0	1.1801885986528668
84.5	1.1801885986528668
85.0	1.1801885986528668
85.5	1.1801885986528668
86	1.1683830404642914
86.5	1.1683830404642914
87.0	1.1683830404642914
87.5	1.1683830404642914
88.0	1.1683830404642914
88.5	1.1683830404642914
89.0	1.1683830404642914
89.5	1.1683830404642914
90.0	1.1683830404642914
90.5	1.1683830404642914
91.0	1.1683830404642914
91.5	1.1683830404642914
92.0	1.1683830404642914
92.5	1.188791166321601
93.0	1.188791166321601
93.5	1.188791166321601
94.0	1.188791166321601
94.5	1.188791166321601
95.0	1.188791166321601
95.5	1.188791166321601
96.0	1.188791166321601
96.5	1.188791166321601
97.0	1.188791166321601
97.5	1.188791166321601
98.0	1.188791166321601
98.5	1.188791166321601
99.0	1.188791166321601
99.5	1.1918001303324905
100	1.1918993908429947
100.5	1.1918993908429947
101.0	1.1918993908429947
101.5	1.1918993908429947
102.0	1.1918993908429947
102.5	1.1918993908429947
103.0	1.1918993908429947
103.5	1.1918993908429947
104.0	1.1918993908429947
104.5	1.1918993908429947
105	1.183632547528517
105.5	1.183632547528517
106.0	1.183632547528517
106.5	1.183632547528517
107.0	1.183632547528517
107.5	1.183632547528517
108.0	1.183632547528517
108.5	1.183632547528517
109.0	1.183632547528517
109.5	1.183632547528517
110.0	1.183632547528517
110.5	1.183632547528517
111.0	1.183632547528517
111.5	1.183632547528517
112	1.2018467741935484
112.5	1.2018467741935484
113	1.198256898192198
113.5	1.198256898192198
114	1.1966018357528216
114.5	1.1964900284900284
115.0	1.1964900284900284
115.5	1.2017351746547522
116.0	1.2017351746547522
116.5	1.2017351746547522
117.0	1.2017351746547522
117.5	1.2017351746547522
118	1.2197313432835821
118.5	1.2197313432835821
119	1.2013021482946622
119.5	1.199067264573991
120.0	1.199067264573991
120.5	1.199067264573991
121.0	1.199067264573991
121.5	1.199067264573991
122	1.1668009888751545
122.5	1.1668009888751545
123.0	1.1668009888751545
123.5	1.1668009888751545
124.0	1.1668009888751545
124.5	1.1668009888751545
125.0	1.1668009888751545
125.5	1.1668009888751545
126.0	1.1668009888751545
126.5	1.1668009888751545
127.0	1.1668009888751545
127.5	1.1668009888751545
128.0	1.1668009888751545
128.5	1.207710257603263
129	1.2096444721012238
129.5	1.2096444721012238
130.0	1.2096444721012238
130.5	1.2096444721012238
131.0	1.2096444721012238
131.5	1.2096444721012238
132.0	1.2096444721012238
132.5	1.2096444721012238
133.0	1.2096444721012238
133.5	1.1164216128756512
134	1.1145459403295235
134.5	1.1145459403295235
135.0	1.1145459403295235
135.5	1.1145459403295235
136.0	1.1145459403295235
136.5	1.1145459403295235
137.0	1.1145459403295235
137.5	1.1145459403295235
138.0	1.1145459403295235
138.5	1.1145459403295235
139.0	1.1145459403295235
139.5	1.1145459403295235
140.0	1.1145459403295235
140.5	1.0989145880574451
141.0	1.0989145880574451
141.5	1.0989145880574451
142.0	1.0989145880574451
142.5	1.0989145880574451
143.0	1.0989145880574451
143.5	1.0989145880574451
144.0	1.0989145880574451
144.5	1.0989145880574451
145.0	1.0989145880574451
145.5	1.0989145880574451
146.0	1.0989145880574451
146.5	1.0989145880574451
147	1.1706019344533511
147.5	1.171458064516129
148.0	1.171458064516129
148.5	1.171458064516129
149.0	1.171458064516129
149.5	1.171458064516129
150.0	1.171458064516129
150.5	1.171458064516129
151.0	1.171458064516129
151.5	1.171458064516129
152.0	1.171458064516129
152.5	1.171458064516129
153.0	1.171458064516129
153.5	1.205911733338457
154	1.206670744138634
154.5	1.206670744138634
155	1.196724584103512
155.5	1.196724584103512
156	1.2100833333333332
156.5	1.2100833333333332
157	1.1710915163660653
157.5	1.1710915163660653
158.0	1.1710915163660653
158.5	1.1710915163660653
159.0	1.1710915163660653
159.5	1.1710915163660653
160	1.1672007563697855
160.5	1.1670552102376601
161.0	1.1670552102376601
161.5	1.1670552102376601
162.0	1.1670552102376601
162.5	1.1670552102376601
163	1.167836665631736
163.5	1.1679072394826817
164.0	1.1679072394826817
164.5	1.1679072394826817
165.0	1.1679072394826817
165.5	1.1679072394826817
166.0	1.1679072394826817
166.5	1.1679072394826817
167.0	1.1679072394826817
167.5	1.1679072394826817
168.0	1.1679072394826817
168.5	1.1679072394826817
169.0	1.1679072394826817
169.5	1.1679072394826817
170	1.1690131926121372
170.5	1.1690131926121372
171.0	1.1690131926121372
171.5	1.1690131926121372
172.0	1.1690131926121372
172.5	1.1690131926121372
173.0	1.1690131926121372
173.5	1.1690131926121372
174.0	1.1690131926121372
174.5	1.1690131926121372
175.0	1.1690131926121372
175.5	1.1690131926121372
176	1.1724606060606062
176.5	1.1724606060606062
177.0	1.1724606060606062
177.5	1.1724606060606062
178.0	1.1724606060606062
178.5	1.1724606060606062
179.0	1.1724606060606062
179.5	1.1724606060606062
180.0	1.1724606060606062
180.5	1.1724606060606062
181.0	1.1724606060606062
181.5	1.193349850647367
182	1.193820084724645
182.5	1.193820084724645
183.0	1.193820084724645
183.5	1.193820084724645
184.0	1.193820084724645
184.5	1.193820084724645
185.0	1.193820084724645
185.5	1.193820084724645
