0	0.870902994011976
0.5	0.870902994011976
1.0	0.870902994011976
1.5	0.870902994011976
2	0.869769392033543
2.5	0.869769392033543
3.0	0.869769392033543
3.5	0.8747896794370602
4.0	0.8747896794370602
4.5	0.8747896794370602
5	0.8683351955307264
5.5	0.8683351955307264
6.0	0.8683351955307264
6.5	0.8705299600532623
7.0	0.8705299600532623
7.5	0.8705299600532623
8	0.8754870017331022
8.5	0.8754870017331022
9.0	0.8754870017331022
9.5	0.8734757834757835
10.0	0.8734757834757835
10.5	0.8734757834757835
11	0.8622393056416615
11.5	0.8622393056416615
12.0	0.8622393056416615
12.5	0.8549704260651629
13.0	0.8549704260651629
13.5	0.8549704260651629
14.0	0.8549704260651629
14.5	0.8549704260651629
15.0	0.8549704260651629
15.5	0.8549704260651629
16.0	0.8549704260651629
16.5	0.8549704260651629
17.0	0.8549704260651629
17.5	0.8549704260651629
18.0	0.8549704260651629
18.5	0.8549704260651629
19.0	0.8549704260651629
19.5	0.8549704260651629
20.0	0.8549704260651629
20.5	0.8164969435580545
21	0.8159714285714286
21.5	0.8159714285714286
22.0	0.8159714285714286
22.5	0.8159714285714286
23.0	0.8159714285714286
23.5	0.8159714285714286
24.0	0.8159714285714286
24.5	0.8159714285714286
25.0	0.8159714285714286
25.5	0.8159714285714286
26.0	0.8159714285714286
26.5	0.8159714285714286
27.0	0.8159714285714286
27.5	0.8159714285714286
28.0	0.8159714285714286
28.5	0.8159714285714286
29.0	0.8159714285714286
29.5	0.8159714285714286
30	0.6631911163062537
30.5	0.6631911163062537
31.0	0.6631911163062537
31.5	0.6396937437726261
32	0.636040733197556
32.5	0.636040733197556
33.0	0.636040733197556
33.5	0.636040733197556
34	0.6854840085287847
34.5	0.6854840085287847
35.0	0.6854840085287847
35.5	0.6854840085287847
36	0.7671509333333334
36.5	0.7671509333333334
37.0	0.7671509333333334
37.5	0.7671509333333334
38	0.6613863134657837
38.5	0.6613863134657837
39.0	0.6613863134657837
39.5	0.6613863134657837
40.0	0.6613863134657837
40.5	0.6613863134657837
41.0	0.6613863134657837
41.5	0.6613863134657837
42	0.5540302571860817
42.5	0.5540302571860817
43.0	0.5540302571860817
43.5	0.5540302571860817
44.0	0.5540302571860817
44.5	0.5540302571860817
45.0	0.5540302571860817
45.5	0.5540302571860817
46.0	0.5540302571860817
46.5	0.5540302571860817
47.0	0.5540302571860817
47.5	0.6131841196670111
48	0.6162715754243365
48.5	0.6162715754243365
49.0	0.6162715754243365
49.5	0.6162715754243365
50.0	0.6162715754243365
50.5	0.6162715754243365
51.0	0.6162715754243365
51.5	0.6162715754243365
52.0	0.6162715754243365
52.5	0.6162715754243365
53.0	0.6162715754243365
53.5	0.6162715754243365
54.0	0.6162715754243365
54.5	0.6162715754243365
55.0	0.6162715754243365
55.5	0.6162715754243365
56.0	0.6162715754243365
56.5	0.6162715754243365
57.0	0.6162715754243365
57.5	0.6162715754243365
58.0	0.6162715754243365
58.5	0.6162715754243365
59.0	0.6162715754243365
59.5	0.6162715754243365
60.0	0.6162715754243365
60.5	0.8846754772393539
61.0	0.8846754772393539
61.5	0.8846754772393539
62	0.9156207612456748
62.5	0.9156207612456748
63.0	0.9156207612456748
63.5	0.9200391836734695
64.0	0.9200391836734695
64.5	0.9200391836734695
65	0.892687898089172
65.5	0.892687898089172
66.0	0.892687898089172
66.5	0.7873866601033719
67.0	0.7873866601033719
67.5	0.7873866601033719
68.0	0.7873866601033719
68.5	0.7873866601033719
69.0	0.7873866601033719
69.5	0.7873866601033719
70.0	0.7873866601033719
70.5	0.7944308960984084
71	0.7949614243323442
71.5	0.7949614243323442
72.0	0.7949614243323442
72.5	0.7949614243323442
73.0	0.7949614243323442
73.5	0.7949614243323442
74.0	0.7949614243323442
74.5	0.7949614243323442
75	0.7898908673176336
75.5	0.7898908673176336
76.0	0.7898908673176336
76.5	0.7898908673176336
77.0	0.7898908673176336
77.5	0.7898908673176336
78.0	0.7898908673176336
78.5	0.7263708796764409
79.0	0.7263708796764409
79.5	0.7263708796764409
80.0	0.7263708796764409
80.5	0.7263708796764409
81.0	0.7263708796764409
81.5	0.7263708796764409
82.0	0.7263708796764409
82.5	0.7263708796764409
83.0	0.7263708796764409
83.5	0.7263708796764409
84.0	0.7263708796764409
84.5	0.7263708796764409
85.0	0.7263708796764409
85.5	0.7263708796764409
86.0	0.7263708796764409
86.5	0.7263708796764409
87.0	0.7263708796764409
87.5	0.7263708796764409
88.0	0.7263708796764409
88.5	0.7411703959964626
89	0.7415819093420648
89.5	0.7415819093420648
90.0	0.7415819093420648
90.5	0.7415819093420648
91.0	0.7415819093420648
91.5	0.7415819093420648
92.0	0.7415819093420648
92.5	0.7415819093420648
93.0	0.7415819093420648
93.5	0.7415819093420648
94.0	0.7415819093420648
94.5	0.7415819093420648
95.0	0.7415819093420648
95.5	0.7415819093420648
96.0	0.7415819093420648
96.5	0.7415819093420648
97.0	0.7415819093420648
97.5	0.7415819093420648
98.0	0.7415819093420648
98.5	0.6714280505723809
99	0.6702938737908797
99.5	0.6702938737908797
100.0	0.6702938737908797
100.5	0.6702938737908797
101	0.6528928046989722
101.5	0.6528928046989722
102.0	0.6528928046989722
102.5	0.6505240868184224
103.0	0.6505240868184224
103.5	0.6505240868184224
104.0	0.6505240868184224
104.5	0.6501308817357905
105	0.650071973827699
105.5	0.650071973827699
106.0	0.650071973827699
106.5	0.6434090704984283
107.0	0.6434090704984283
107.5	0.6434090704984283
108.0	0.6434090704984283
108.5	0.6434090704984283
109.0	0.6434090704984283
109.5	0.6434090704984283
110.0	0.6434090704984283
110.5	0.6434090704984283
111	0.587106731760955
111.5	0.5851853228053878
112.0	0.5851853228053878
112.5	0.5851853228053878
113.0	0.5851853228053878
113.5	0.6899888059701492
114.0	0.6899888059701492
114.5	0.6899888059701492
115.0	0.6899888059701492
115.5	0.6899888059701492
116.0	0.6899888059701492
116.5	0.6899888059701492
117.0	0.6899888059701492
117.5	0.6899888059701492
118	0.7996842615012107
118.5	0.7996842615012107
119.0	0.7996842615012107
119.5	0.7996842615012107
120.0	0.7996842615012107
120.5	0.7996842615012107
121.0	0.7996842615012107
121.5	0.7996842615012107
122	0.6338070170273411
122.5	0.6256537287396423
123.0	0.6256537287396423
123.5	0.6256537287396423
124.0	0.6256537287396423
124.5	0.4786053123830902
125.0	0.4786053123830902
125.5	0.4786053123830902
126.0	0.4786053123830902
126.5	0.4786053123830902
127.0	0.4786053123830902
127.5	0.44651399491094146
128.0	0.44651399491094146
128.5	0.44651399491094146
129.0	0.44651399491094146
129.5	0.44651399491094146
130	0.44309423849933005
130.5	0.44309423849933005
131.0	0.44309423849933005
131.5	0.44309423849933005
132.0	0.44309423849933005
132.5	0.5543175232575873
133.0	0.5543175232575873
133.5	0.5543175232575873
134.0	0.5543175232575873
134.5	0.5543175232575873
135.0	0.5543175232575873
135.5	0.5543175232575873
136.0	0.5543175232575873
136.5	0.5543175232575873
137.0	0.5543175232575873
137.5	0.5543175232575873
138.0	0.5543175232575873
138.5	0.5543175232575873
139.0	0.5543175232575873
139.5	0.5543175232575873
140.0	0.5543175232575873
140.5	0.5543175232575873
141.0	0.5543175232575873
141.5	0.5543175232575873
142.0	0.5543175232575873
142.5	0.5543175232575873
143.0	0.5543175232575873
143.5	0.5543175232575873
144.0	0.5543175232575873
144.5	0.5543175232575873
145.0	0.5543175232575873
145.5	0.49079960238040876
146	0.4899665169456921
146.5	0.4899665169456921
147.0	0.4899665169456921
147.5	0.4899665169456921
148	0.4649111375938126
148.5	0.46330489236790606
149.0	0.46330489236790606
149.5	0.46330489236790606
150.0	0.46330489236790606
150.5	0.46330489236790606
151	0.36557199322416717
151.5	0.36557199322416717
152.0	0.36557199322416717
152.5	0.36557199322416717
153.0	0.36557199322416717
153.5	0.36557199322416717
154.0	0.36557199322416717
154.5	0.37055754317904577
155	0.3707883817427386
155.5	0.3707883817427386
156.0	0.3707883817427386
156.5	0.3707883817427386
157.0	0.3707883817427386
157.5	0.3707883817427386
158	0.5446448044251284
158.5	0.5446448044251284
159.0	0.5446448044251284
159.5	0.5446448044251284
160.0	0.5446448044251284
160.5	0.4972575167471569
161.0	0.4972575167471569
161.5	0.4972575167471569
162.0	0.4972575167471569
162.5	0.4972575167471569
163.0	0.4972575167471569
163.5	0.4972575167471569
164.0	0.4972575167471569
164.5	0.4972575167471569
165.0	0.4972575167471569
165.5	0.4972575167471569
166.0	0.4972575167471569
166.5	0.4972575167471569
167	0.4473556705605409
167.5	0.4456686942990522
168.0	0.4456686942990522
168.5	0.4456686942990522
169.0	0.4456686942990522
169.5	0.4456686942990522
170.0	0.4456686942990522
170.5	0.4456686942990522
171.0	0.4456686942990522
171.5	0.4456686942990522
172.0	0.4456686942990522
172.5	0.4456686942990522
173.0	0.4456686942990522
173.5	0.4456686942990522
174.0	0.4456686942990522
174.5	0.47234242910647406
175.0	0.47234242910647406
175.5	0.47234242910647406
176.0	0.47234242910647406
176.5	0.47234242910647406
177.0	0.47234242910647406
177.5	0.47234242910647406
178.0	0.47234242910647406
178.5	0.47234242910647406
179.0	0.47234242910647406
179.5	0.47234242910647406
180.0	0.47234242910647406
180.5	0.5401185860889396
181.0	0.5401185860889396
181.5	0.5401185860889396
182.0	0.5401185860889396
182.5	0.5489975550122249
183.0	0.5489975550122249
183.5	0.5489975550122249
