0	2.1451445427728615
0.5	2.1451445427728615
1	2.1721465968586386
1.5	2.169049790832521
2	2.1683255813953486
2.5	2.158777777777778
3	2.1576501650165016
3.5	2.124093305746159
4	2.1185004958677687
4.5	2.1185004958677687
5.0	2.1185004958677687
5.5	2.1185004958677687
6.0	2.1185004958677687
6.5	2.1185004958677687
7	1.911377308707124
7.5	1.911377308707124
8.0	1.911377308707124
8.5	1.911377308707124
9.0	1.911377308707124
9.5	1.911377308707124
10.0	1.911377308707124
10.5	1.220181263264838
11	1.19592557090499
11.5	1.19592557090499
12.0	1.19592557090499
12.5	1.19592557090499
13.0	1.19592557090499
13.5	1.19592557090499
14.0	1.19592557090499
14.5	1.19592557090499
15.0	1.19592557090499
15.5	1.19592557090499
16.0	1.19592557090499
16.5	1.19592557090499
17.0	1.19592557090499
17.5	1.19592557090499
18	1.170268267581475
18.5	1.170268267581475
19.0	1.170268267581475
19.5	1.170268267581475
20.0	1.170268267581475
20.5	1.170268267581475
21.0	1.170268267581475
21.5	1.170268267581475
22.0	1.170268267581475
22.5	1.170268267581475
23.0	1.170268267581475
23.5	1.170268267581475
24	1.6986765799256505
24.5	1.6986765799256505
25.0	1.6986765799256505
25.5	1.6986765799256505
26.0	1.6986765799256505
26.5	1.6986765799256505
27.0	1.6986765799256505
27.5	1.6986765799256505
28	1.1850453220286477
28.5	1.1692926905132193
29.0	1.1692926905132193
29.5	1.1692926905132193
30.0	1.1692926905132193
30.5	1.1692926905132193
31.0	1.1692926905132193
31.5	1.1692926905132193
32.0	1.1692926905132193
32.5	1.1692926905132193
33.0	1.1692926905132193
33.5	1.1692926905132193
34.0	1.1692926905132193
34.5	1.2277396445441444
35	1.2287667838607066
35.5	1.2287667838607066
36.0	1.2287667838607066
36.5	1.2287667838607066
37.0	1.2287667838607066
37.5	1.2287667838607066
38.0	1.2287667838607066
38.5	1.2287667838607066
39.0	1.2287667838607066
39.5	1.2287667838607066
40.0	1.2287667838607066
40.5	1.2287667838607066
41	1.2508328611898016
41.5	1.2508328611898016
42.0	1.2508328611898016
42.5	1.2508328611898016
43.0	1.2508328611898016
43.5	1.4632838250254323
44.0	1.4632838250254323
44.5	1.476163372859025
45.0	1.476163372859025
45.5	1.0927683700111896
46.0	1.0927683700111896
46.5	1.0927683700111896
47.0	1.0927683700111896
47.5	1.0927683700111896
48	0.8515185840707965
48.5	0.8515185840707965
49.0	0.8515185840707965
49.5	0.8515185840707965
50.0	0.8515185840707965
50.5	0.8515185840707965
51.0	0.8515185840707965
51.5	1.1735197085127524
52.0	1.1735197085127524
52.5	1.1735197085127524
53.0	1.1735197085127524
53.5	1.1735197085127524
54.0	1.1735197085127524
54.5	1.1735197085127524
55.0	1.1735197085127524
55.5	1.1735197085127524
56.0	1.1735197085127524
56.5	1.1735197085127524
57.0	1.1735197085127524
57.5	1.1735197085127524
58	0.7901663999999999
58.5	0.7901663999999999
59.0	0.7901663999999999
59.5	0.7901663999999999
60.0	0.7901663999999999
60.5	0.7901663999999999
61.0	0.7901663999999999
61.5	0.7901663999999999
62.0	0.7901663999999999
62.5	0.7901663999999999
63.0	0.7901663999999999
63.5	0.7901663999999999
64.0	0.7901663999999999
64.5	0.7901663999999999
65.0	0.7901663999999999
65.5	0.7901663999999999
66.0	0.7901663999999999
66.5	0.7901663999999999
67.0	0.7901663999999999
67.5	0.7901663999999999
68	1.3322080378250591
68.5	1.3322080378250591
69	1.333369978858351
69.5	1.333369978858351
70	1.1375183090205419
70.5	1.1375183090205419
71.0	1.1375183090205419
71.5	1.1375183090205419
72.0	1.1375183090205419
72.5	1.1375183090205419
73.0	1.1375183090205419
73.5	1.1375183090205419
74.0	1.1375183090205419
74.5	1.1375183090205419
75.0	1.1375183090205419
75.5	1.1375183090205419
76.0	1.1375183090205419
76.5	1.3968577245649538
77	1.4014129569308722
77.5	1.4014129569308722
78.0	1.4014129569308722
78.5	1.4014129569308722
79.0	1.4014129569308722
79.5	1.4014129569308722
80.0	1.4014129569308722
80.5	1.4014129569308722
81.0	1.4014129569308722
81.5	1.4014129569308722
82.0	1.4014129569308722
82.5	0.8677751582082144
83.0	0.8677751582082144
83.5	0.8677751582082144
84.0	0.8677751582082144
84.5	0.8677751582082144
85.0	0.8677751582082144
85.5	0.8677751582082144
86.0	0.8677751582082144
86.5	0.8677751582082144
87.0	0.8677751582082144
87.5	0.8677751582082144
88.0	0.8677751582082144
88.5	0.8677751582082144
89.0	0.8677751582082144
89.5	0.8677751582082144
90.0	0.8677751582082144
90.5	0.6636698699830412
91.0	0.6636698699830412
91.5	0.6636698699830412
92.0	0.6636698699830412
92.5	0.6397423376623377
93.0	0.6397423376623377
93.5	0.6397423376623377
94.0	0.6397423376623377
94.5	0.6343539668700958
95.0	0.6343539668700958
95.5	0.6343539668700958
96.0	0.6343539668700958
96.5	0.6343539668700958
97	1.070084235860409
97.5	1.070084235860409
98	3.2128064192577734
98.5	3.2128064192577734
99	1.9220539892021595
99.5	1.9220539892021595
100.0	1.9220539892021595
100.5	1.9220539892021595
101	0.8097615019121567
101.5	0.8097615019121567
102.0	0.8097615019121567
102.5	0.8097615019121567
103.0	0.8097615019121567
103.5	0.8097615019121567
104.0	0.8097615019121567
104.5	0.8097615019121567
105.0	0.8097615019121567
105.5	0.8097615019121567
106.0	0.8097615019121567
106.5	0.8097615019121567
107.0	0.8097615019121567
107.5	0.8097615019121567
108.0	0.8097615019121567
108.5	0.8097615019121567
109.0	0.8097615019121567
109.5	1.0996002304147467
110.0	1.0996002304147467
110.5	1.0996002304147467
111.0	1.0996002304147467
111.5	1.0996002304147467
112.0	1.0996002304147467
112.5	1.0996002304147467
113.0	1.0996002304147467
113.5	1.0996002304147467
114.0	1.0996002304147467
114.5	1.0996002304147467
115.0	1.0996002304147467
115.5	1.0996002304147467
116.0	1.0996002304147467
116.5	0.885947947947948
117.0	0.885947947947948
117.5	0.885947947947948
118.0	0.885947947947948
118.5	0.885947947947948
119.0	0.885947947947948
119.5	0.885947947947948
120.0	0.885947947947948
120.5	0.885947947947948
121.0	0.885947947947948
121.5	0.885947947947948
122.0	0.885947947947948
122.5	0.885947947947948
123.0	0.885947947947948
123.5	0.885947947947948
124.0	0.885947947947948
124.5	0.569313340878043
125	0.561904598195101
125.5	0.561904598195101
126.0	0.561904598195101
126.5	0.561904598195101
127	0.6219527378786858
127.5	0.6259267015706806
128.0	0.6259267015706806
128.5	0.6259267015706806
129.0	0.6259267015706806
129.5	0.6268064674179323
130.0	0.6268064674179323
130.5	0.6268064674179323
131.0	0.6268064674179323
131.5	0.6268064674179323
132	0.8025
132.5	0.8025
133	1.1126230703896727
133.5	1.1473700912336373
134.0	1.1473700912336373
134.5	1.1473700912336373
135.0	1.1473700912336373
135.5	1.1473700912336373
136	0.6913238921882138
136.5	0.6913238921882138
137.0	0.6913238921882138
137.5	0.6913238921882138
138.0	0.6913238921882138
138.5	0.6913238921882138
139.0	0.6913238921882138
139.5	0.6913238921882138
140.0	0.6913238921882138
140.5	0.7578661493695441
141.0	0.7578661493695441
141.5	0.7578661493695441
142.0	0.7578661493695441
142.5	0.7578661493695441
143.0	0.7578661493695441
143.5	0.7578661493695441
144.0	0.7578661493695441
144.5	1.456132024582304
145	1.4781433155080215
145.5	1.4781433155080215
146.0	1.4781433155080215
146.5	1.251238856901581
147	1.2364354644149578
147.5	1.2364354644149578
148.0	1.2364354644149578
148.5	1.2364354644149578
149.0	1.2364354644149578
149.5	1.2364354644149578
150.0	1.2364354644149578
150.5	1.2364354644149578
151.0	1.2364354644149578
151.5	1.2364354644149578
152.0	1.2364354644149578
152.5	1.2364354644149578
153.0	1.2364354644149578
153.5	0.6892232915330028
154.0	0.6892232915330028
154.5	0.6892232915330028
155.0	0.6892232915330028
155.5	0.6892232915330028
156.0	0.6892232915330028
156.5	0.6892232915330028
157.0	0.6892232915330028
157.5	0.6892232915330028
158.0	0.6892232915330028
158.5	0.6892232915330028
159.0	0.6892232915330028
159.5	0.6892232915330028
160.0	0.6892232915330028
160.5	0.6892232915330028
161.0	0.6892232915330028
161.5	0.6892232915330028
162.0	0.6892232915330028
162.5	0.6892232915330028
163.0	0.6892232915330028
163.5	0.6892232915330028
164	0.2800113751777371
164.5	0.2800113751777371
165.0	0.2800113751777371
165.5	0.2800113751777371
166.0	0.2800113751777371
166.5	0.2800113751777371
167.0	0.2800113751777371
167.5	0.2800113751777371
168.0	0.2800113751777371
168.5	0.2800113751777371
169	0.33870722433460076
169.5	0.33870722433460076
170.0	0.33870722433460076
170.5	0.33870722433460076
171.0	0.33870722433460076
171.5	0.33870722433460076
172.0	0.33870722433460076
172.5	0.33870722433460076
173	0.45313483923213593
173.5	0.4584718940207662
174.0	0.4584718940207662
174.5	0.4584718940207662
175.0	0.4584718940207662
175.5	0.4584718940207662
176	0.4588982711480194
176.5	0.45893032957863994
177.0	0.45893032957863994
177.5	0.45893032957863994
178.0	0.45893032957863994
178.5	0.45893032957863994
179	0.46553710073710075
179.5	0.46553710073710075
180.0	0.46553710073710075
180.5	0.46553710073710075
181	0.6094142857142857
181.5	0.6094142857142857
182.0	0.6094142857142857
182.5	0.6094142857142857
183.0	0.6094142857142857
183.5	0.6094142857142857
184.0	0.6094142857142857
