0	1.5605236051502145
0.5	1.5605236051502145
1	1.5707574924750112
1.5	1.5715151515151515
2	1.5471312017640573
2.5	1.5471312017640573
3.0	1.5471312017640573
3.5	1.5471312017640573
4	1.5403771404992779
4.5	1.5403771404992779
5.0	1.5403771404992779
5.5	1.5403771404992779
6.0	1.5403771404992779
6.5	1.5403771404992779
7.0	1.5403771404992779
7.5	1.5403771404992779
8.0	1.5403771404992779
8.5	1.5403771404992779
9	1.5408680193236715
9.5	1.5408680193236715
10.0	1.5408680193236715
10.5	1.5408680193236715
11.0	1.5408680193236715
11.5	1.5408680193236715
12.0	1.5408680193236715
12.5	1.5408680193236715
13.0	1.5408680193236715
13.5	1.5408680193236715
14	1.5416531375870506
14.5	1.541674074074074
15.0	1.541674074074074
15.5	1.541674074074074
16.0	1.541674074074074
16.5	1.541674074074074
17	1.7056444981862153
17.5	1.7056444981862153
18.0	1.7056444981862153
18.5	3.3226028384701203
19	3.360729425695678
19.5	3.360729425695678
20.0	3.360729425695678
20.5	1.6487829869502175
21.0	1.6487829869502175
21.5	1.6487829869502175
22.0	1.6487829869502175
22.5	1.6487829869502175
23.0	1.6487829869502175
23.5	1.6487829869502175
24.0	1.6487829869502175
24.5	1.9622402210227543
25	1.9669367769706754
25.5	1.9669367769706754
26.0	1.9669367769706754
26.5	1.9669367769706754
27.0	1.9669367769706754
27.5	1.9669367769706754
28.0	1.9669367769706754
28.5	2.06440197693575
29.0	2.06440197693575
29.5	2.06440197693575
30.0	2.06440197693575
30.5	2.06440197693575
31.0	2.06440197693575
31.5	2.06440197693575
32	1.9991059906563482
32.5	1.994408695652174
33.0	1.994408695652174
33.5	1.994408695652174
34.0	1.994408695652174
34.5	1.994408695652174
35.0	1.994408695652174
35.5	1.994408695652174
36	2.2685867135088844
36.5	2.2774527961515334
37.0	2.2774527961515334
37.5	2.2774527961515334
38.0	2.2774527961515334
38.5	2.2774527961515334
39.0	2.2774527961515334
39.5	3.2326050682261207
40.0	3.2326050682261207
40.5	3.2326050682261207
41.0	3.2326050682261207
41.5	3.2326050682261207
42	5.1515827915526415
42.5	5.245848363926576
43.0	5.245848363926576
43.5	3.4286722376973073
44.0	3.4286722376973073
44.5	3.4286722376973073
45.0	3.4286722376973073
45.5	3.4286722376973073
46	3.060384645825089
46.5	3.060384645825089
47.0	3.060384645825089
47.5	3.060384645825089
48.0	3.060384645825089
48.5	3.436329776915616
49.0	3.436329776915616
49.5	3.436329776915616
50.0	3.436329776915616
50.5	5.510225941422594
51.0	5.510225941422594
51.5	5.510225941422594
52	6.051852683269028
52.5	6.051852683269028
53.0	6.051852683269028
53.5	6.051852683269028
54.0	6.051852683269028
54.5	6.051852683269028
55	6.914484745762712
55.5	6.914484745762712
56.0	6.914484745762712
56.5	6.914484745762712
57.0	6.914484745762712
57.5	6.243008963786303
58.0	6.243008963786303
58.5	6.243008963786303
59.0	6.243008963786303
59.5	6.243008963786303
60	7.391132267983975
60.5	7.436003347280335
61.0	7.436003347280335
61.5	7.436003347280335
62.0	7.436003347280335
62.5	7.459066264068656
63	7.460127737226277
63.5	7.460127737226277
64.0	7.460127737226277
64.5	7.460127737226277
65	4.647800212539852
65.5	4.647800212539852
66.0	4.647800212539852
66.5	4.647800212539852
67.0	4.647800212539852
67.5	4.647800212539852
68.0	4.647800212539852
68.5	4.647800212539852
69	4.1564284304047385
69.5	4.1564284304047385
70.0	4.1564284304047385
70.5	4.1564284304047385
71.0	4.1564284304047385
71.5	4.1564284304047385
72.0	4.1564284304047385
72.5	4.1564284304047385
73	3.8390833333333334
73.5	3.8390833333333334
74.0	3.8390833333333334
74.5	3.8390833333333334
75.0	3.8390833333333334
75.5	3.8390833333333334
76.0	3.8390833333333334
76.5	3.8390833333333334
77.0	3.8390833333333334
77.5	3.8390833333333334
78	4.512720892498165
78.5	4.5530689754689755
79.0	4.5530689754689755
79.5	4.5530689754689755
80.0	4.5530689754689755
80.5	4.5530689754689755
81.0	4.5530689754689755
81.5	5.90690310474276
82	5.923313215400625
82.5	5.923313215400625
83.0	5.923313215400625
83.5	5.923313215400625
84.0	5.923313215400625
84.5	3.834797439263843
85	3.7514886240520045
85.5	3.7514886240520045
86.0	3.7514886240520045
86.5	3.7514886240520045
87.0	3.7514886240520045
87.5	3.7514886240520045
88.0	3.7514886240520045
88.5	3.7514886240520045
89.0	3.7514886240520045
89.5	4.607670754974108
90.0	4.607670754974108
90.5	4.607670754974108
91.0	4.607670754974108
91.5	4.607670754974108
92.0	4.607670754974108
92.5	4.607670754974108
93	5.750607764390897
93.5	5.750607764390897
94.0	5.750607764390897
94.5	5.750607764390897
95.0	5.750607764390897
95.5	5.750607764390897
96	5.404495665794428
96.5	5.391753921870194
97.0	5.391753921870194
97.5	5.391753921870194
98.0	5.391753921870194
98.5	5.391753921870194
99.0	5.391753921870194
99.5	6.611524394651246
100.0	6.611524394651246
100.5	6.611524394651246
101.0	6.611524394651246
101.5	6.611524394651246
102.0	6.611524394651246
102.5	3.646513134505234
103.0	3.646513134505234
103.5	3.646513134505234
104.0	3.646513134505234
104.5	3.646513134505234
105.0	3.646513134505234
105.5	3.646513134505234
106.0	3.646513134505234
106.5	3.646513134505234
107.0	3.646513134505234
107.5	4.1966195253241985
108.0	4.1966195253241985
108.5	4.1966195253241985
109.0	4.1966195253241985
109.5	4.1966195253241985
110.0	4.1966195253241985
110.5	4.1966195253241985
111.0	4.1966195253241985
111.5	5.290278711061121
112	5.371895068205666
112.5	5.371895068205666
113.0	5.371895068205666
113.5	5.371895068205666
114.0	5.371895068205666
114.5	5.875370543177962
115	5.883471232876713
115.5	5.883471232876713
116.0	5.883471232876713
116.5	5.883471232876713
117.0	5.883471232876713
117.5	5.201589534094237
118	5.1824408014571945
118.5	5.1824408014571945
119.0	5.1824408014571945
119.5	5.1824408014571945
120.0	5.1824408014571945
120.5	5.1824408014571945
121	5.632860892388451
121.5	5.632860892388451
122.0	5.632860892388451
122.5	5.632860892388451
123.0	5.632860892388451
123.5	5.632860892388451
124	7.225773245350199
124.5	7.25190369733448
125.0	7.25190369733448
125.5	7.25190369733448
126.0	7.25190369733448
126.5	7.628357922304671
127.0	7.628357922304671
127.5	7.628357922304671
128.0	7.628357922304671
128.5	7.628357922304671
129	7.670774514234072
129.5	7.670774514234072
130.0	7.670774514234072
130.5	7.670774514234072
131.0	7.670774514234072
131.5	6.413589595375723
132.0	6.413589595375723
132.5	6.413589595375723
133.0	6.413589595375723
133.5	6.413589595375723
134	3.8021919033773206
134.5	3.8021919033773206
135.0	3.8021919033773206
135.5	3.8021919033773206
136.0	3.8021919033773206
136.5	3.8021919033773206
137.0	3.8021919033773206
137.5	3.8021919033773206
138.0	3.8021919033773206
138.5	3.3862957082186274
139	3.3655520599250934
139.5	3.3655520599250934
140.0	3.3655520599250934
140.5	3.3655520599250934
141.0	3.3655520599250934
141.5	3.3655520599250934
142.0	3.3655520599250934
142.5	3.3655520599250934
143.0	3.3655520599250934
143.5	3.3655520599250934
144	3.4567573777682674
144.5	3.4580383513334807
145.0	3.4580383513334807
145.5	3.4580383513334807
146.0	3.4580383513334807
146.5	3.4580383513334807
147.0	3.4580383513334807
147.5	3.4580383513334807
148.0	3.4580383513334807
148.5	3.4580383513334807
149	3.2436681091251174
149.5	3.2436681091251174
150.0	3.2436681091251174
150.5	3.2436681091251174
151.0	3.2436681091251174
151.5	3.2436681091251174
152.0	3.2436681091251174
152.5	3.2436681091251174
153.0	3.2436681091251174
153.5	3.2436681091251174
154	2.3207185455224515
154.5	2.3049163987138264
155.0	2.3049163987138264
155.5	2.3049163987138264
156.0	2.3049163987138264
156.5	2.3049163987138264
157.0	2.3049163987138264
157.5	2.3049163987138264
158.0	2.3049163987138264
158.5	2.3049163987138264
