0	5.157475177304965
0.5	5.073004769475357
1.0	5.073004769475357
1.5	5.093459165154265
2	5.081129568106312
2.5	5.066068614993647
3.0	5.066068614993647
3.5	5.066068614993647
4	5.053985000421487
4.5	5.0530253741054
5.0	5.0530253741054
5.5	5.0530253741054
6.0	5.0530253741054
6.5	5.0530253741054
7.0	5.0530253741054
7.5	5.670262812089356
8.0	5.670262812089356
8.5	5.670262812089356
9.0	5.670262812089356
9.5	5.670262812089356
10.0	5.670262812089356
10.5	5.874118627765309
11.0	5.874118627765309
11.5	5.874118627765309
12.0	5.874118627765309
12.5	5.874118627765309
13.0	5.874118627765309
13.5	5.874118627765309
14	5.8125669848002826
14.5	5.8125669848002826
15.0	5.8125669848002826
15.5	5.8125669848002826
16.0	5.8125669848002826
16.5	5.813577237164029
17	5.813604020100502
17.5	5.813604020100502
18.0	5.813604020100502
18.5	5.813604020100502
19.0	5.813604020100502
19.5	5.7597142215122235
20	5.75767417218543
20.5	5.75767417218543
21.0	5.75767417218543
21.5	5.75767417218543
22.0	5.75767417218543
22.5	5.75767417218543
23	5.78192368511516
23.5	5.78192368511516
24.0	5.78192368511516
24.5	5.78192368511516
25.0	5.78192368511516
25.5	5.78192368511516
26	5.738864935064935
26.5	5.738864935064935
27.0	5.738864935064935
27.5	5.738864935064935
28.0	5.738864935064935
28.5	5.738864935064935
29	5.870076214322912
29.5	5.883325145442793
30.0	5.883325145442793
30.5	5.883325145442793
31.0	5.883325145442793
31.5	5.883325145442793
32.0	5.883325145442793
32.5	5.95294693877551
33.0	5.95294693877551
33.5	5.95294693877551
34.0	5.95294693877551
34.5	5.95294693877551
35.0	5.95294693877551
35.5	5.84715246179966
36.0	5.84715246179966
36.5	5.84715246179966
37.0	5.84715246179966
37.5	5.84715246179966
38.0	5.84715246179966
38.5	5.77475157629256
39.0	5.77475157629256
39.5	5.77475157629256
40.0	5.77475157629256
40.5	5.77475157629256
41.0	5.77475157629256
41.5	3.7989614941203595
42.0	3.7989614941203595
42.5	3.7989614941203595
43.0	3.7989614941203595
43.5	3.7989614941203595
44.0	3.7989614941203595
44.5	3.7989614941203595
45.0	3.7989614941203595
45.5	3.7989614941203595
46	4.082216911764706
46.5	4.082216911764706
47.0	4.082216911764706
47.5	4.082216911764706
48.0	4.082216911764706
48.5	4.082216911764706
49.0	4.082216911764706
49.5	4.082216911764706
50.0	4.082216911764706
50.5	2.9076225143242334
51.0	2.9076225143242334
51.5	2.9076225143242334
52.0	2.9076225143242334
52.5	2.9076225143242334
53.0	2.9076225143242334
53.5	2.9076225143242334
54.0	2.9076225143242334
54.5	2.9076225143242334
55.0	2.9076225143242334
55.5	2.9076225143242334
56.0	2.9076225143242334
56.5	4.405557235421166
57.0	4.405557235421166
57.5	4.405557235421166
58.0	4.405557235421166
58.5	4.405557235421166
59.0	4.405557235421166
59.5	4.405557235421166
60	4.287552819502586
60.5	4.287552819502586
61.0	4.287552819502586
61.5	4.287552819502586
62.0	4.287552819502586
62.5	4.287552819502586
63.0	4.287552819502586
63.5	4.287552819502586
64	5.087934967741782
64.5	5.133462738301559
65.0	5.133462738301559
65.5	5.133462738301559
66.0	5.133462738301559
66.5	5.133462738301559
67.0	5.133462738301559
67.5	5.133462738301559
68	1.6134780463739518
68.5	1.6134780463739518
69.0	1.6134780463739518
69.5	1.6134780463739518
70.0	1.6134780463739518
70.5	1.6134780463739518
71.0	1.6134780463739518
71.5	1.6134780463739518
72.0	1.6134780463739518
72.5	1.6134780463739518
73.0	1.6134780463739518
73.5	1.6134780463739518
74.0	1.6134780463739518
74.5	1.6134780463739518
75.0	1.6134780463739518
75.5	1.6134780463739518
76.0	1.6134780463739518
76.5	1.6134780463739518
77.0	1.6134780463739518
77.5	1.6134780463739518
78	4.4379299847793
78.5	4.4379299847793
79.0	4.4379299847793
79.5	4.4379299847793
80.0	4.4379299847793
80.5	4.4379299847793
81.0	4.4379299847793
81.5	4.4379299847793
82	3.012314076193883
82.5	3.012314076193883
83.0	3.012314076193883
83.5	3.012314076193883
84.0	3.012314076193883
84.5	3.012314076193883
85.0	3.012314076193883
85.5	3.012314076193883
86.0	3.012314076193883
86.5	3.012314076193883
87.0	3.012314076193883
87.5	3.012314076193883
88	2.0638276976093044
88.5	2.0638276976093044
89.0	2.0638276976093044
89.5	2.0638276976093044
90.0	2.0638276976093044
90.5	2.0638276976093044
91.0	2.0638276976093044
91.5	2.0638276976093044
92.0	2.0638276976093044
92.5	2.0638276976093044
93.0	2.0638276976093044
93.5	2.0638276976093044
94.0	2.0638276976093044
94.5	2.0638276976093044
95.0	2.0638276976093044
95.5	2.0638276976093044
96.0	2.0638276976093044
96.5	2.0638276976093044
97	2.1363806186055108
97.5	2.1372713178294576
98.0	2.1372713178294576
98.5	2.1372713178294576
99.0	2.1372713178294576
99.5	2.1372713178294576
100	5.790464285714285
100.5	5.790464285714285
101.0	5.790464285714285
101.5	5.791163204747774
102.0	5.791163204747774
102.5	5.791163204747774
103	2.033594877764843
103.5	2.033594877764843
104.0	2.033594877764843
104.5	2.033594877764843
105.0	2.033594877764843
105.5	2.033594877764843
106.0	2.033594877764843
106.5	1.9740496380558428
107.0	1.9740496380558428
107.5	1.9740496380558428
108.0	1.9740496380558428
108.5	1.9740496380558428
109.0	1.9740496380558428
109.5	1.9740496380558428
110.0	1.9740496380558428
110.5	4.4643732660781845
111.0	4.4643732660781845
111.5	4.4643732660781845
112	5.731925259515571
112.5	5.731925259515571
113.0	5.731925259515571
113.5	5.80102332155477
114.0	5.80102332155477
114.5	5.80102332155477
115	5.794454054054054
115.5	5.794454054054054
116.0	5.794454054054054
116.5	5.794454054054054
117.0	5.794454054054054
117.5	5.794454054054054
118	5.417371428571428
118.5	5.417371428571428
119.0	5.417371428571428
119.5	5.417371428571428
120.0	5.417371428571428
120.5	5.417371428571428
121	5.1099750148720995
121.5	5.1099750148720995
122.0	5.1099750148720995
122.5	5.1099750148720995
123.0	5.1099750148720995
123.5	5.1099750148720995
124.0	5.1099750148720995
124.5	5.168319709355131
125.0	5.168319709355131
125.5	5.168319709355131
126.0	5.168319709355131
126.5	5.168319709355131
127.0	5.168319709355131
127.5	5.168319709355131
128	3.693838209982788
128.5	3.693838209982788
129.0	3.693838209982788
129.5	3.693838209982788
130.0	3.693838209982788
130.5	3.693838209982788
131.0	3.693838209982788
131.5	3.693838209982788
132.0	3.693838209982788
132.5	3.6455431164901664
133.0	3.6455431164901664
133.5	3.6455431164901664
134.0	3.6455431164901664
134.5	3.6455431164901664
135.0	3.6455431164901664
135.5	3.6455431164901664
136.0	3.6455431164901664
136.5	3.6455431164901664
137	1.4972846310182282
137.5	1.4485344384583507
138.0	1.4485344384583507
138.5	1.4485344384583507
139.0	1.4485344384583507
139.5	1.4485344384583507
140.0	1.4485344384583507
140.5	1.4485344384583507
141.0	1.4485344384583507
141.5	1.4485344384583507
142.0	1.4485344384583507
142.5	1.4485344384583507
143.0	1.4485344384583507
143.5	1.4485344384583507
144.0	1.4485344384583507
144.5	1.4485344384583507
145.0	1.4485344384583507
145.5	1.4485344384583507
146.0	1.4485344384583507
146.5	1.4485344384583507
147.0	1.4485344384583507
147.5	1.4485344384583507
148.0	1.4485344384583507
148.5	1.4485344384583507
149.0	1.4485344384583507
149.5	4.270546918238994
150.0	4.270546918238994
150.5	4.270546918238994
151.0	4.270546918238994
151.5	4.270546918238994
152.0	4.270546918238994
152.5	4.270546918238994
153.0	4.270546918238994
153.5	5.2720966579609865
154	5.350456901748041
154.5	5.350456901748041
155.0	5.350456901748041
155.5	5.350456901748041
156.0	5.350456901748041
156.5	5.350456901748041
157	2.9049213943950787
157.5	2.9049213943950787
158.0	2.9049213943950787
158.5	2.9049213943950787
159.0	2.9049213943950787
159.5	2.9049213943950787
160.0	2.9049213943950787
160.5	2.9049213943950787
161.0	2.9049213943950787
161.5	2.9049213943950787
162.0	2.9049213943950787
162.5	2.9049213943950787
163	2.379143235371988
163.5	2.379143235371988
164.0	2.379143235371988
164.5	2.379143235371988
165.0	2.379143235371988
165.5	2.379143235371988
166.0	2.379143235371988
166.5	2.379143235371988
167.0	2.379143235371988
167.5	2.379143235371988
168.0	2.379143235371988
168.5	2.379143235371988
169.0	2.379143235371988
169.5	2.379143235371988
170.0	2.379143235371988
170.5	2.3774996211547204
171.0	2.3774996211547204
171.5	2.3774996211547204
172.0	2.3774996211547204
172.5	2.3774996211547204
173.0	2.3774996211547204
173.5	2.3774996211547204
174.0	2.3774996211547204
174.5	2.3774996211547204
175.0	2.3774996211547204
175.5	2.3774996211547204
176.0	2.3774996211547204
176.5	2.3774996211547204
177.0	2.3774996211547204
177.5	2.3808715376226828
178.0	2.3808715376226828
178.5	2.3808715376226828
179.0	2.3808715376226828
179.5	2.3808715376226828
180.0	2.3808715376226828
180.5	2.3808715376226828
181.0	2.3808715376226828
181.5	2.3808715376226828
182	2.268371212121212
182.5	2.268371212121212
183.0	2.268371212121212
183.5	2.268371212121212
