0	8.922748466257667
0.5	8.790413223140497
1	8.824316191280793
1.5	8.824014285714286
2	8.7699793814433
2.5	8.7699793814433
3.0	8.7699793814433
3.5	8.7699793814433
4	3.0167022722858805
4.5	3.0167022722858805
5.0	3.0167022722858805
5.5	3.0167022722858805
6.0	3.0167022722858805
6.5	3.0167022722858805
7.0	3.0167022722858805
7.5	3.0167022722858805
8.0	3.0167022722858805
8.5	3.0167022722858805
9	4.171164813919768
9.5	4.171164813919768
10.0	4.171164813919768
10.5	4.171164813919768
11.0	4.171164813919768
11.5	4.171164813919768
12.0	4.171164813919768
12.5	4.171164813919768
13.0	4.171164813919768
13.5	4.573483774338492
14.0	4.573483774338492
14.5	4.573483774338492
15.0	4.573483774338492
15.5	4.573483774338492
16.0	4.573483774338492
16.5	4.573483774338492
17.0	4.573483774338492
17.5	2.782831612794043
18.0	2.782831612794043
18.5	2.782831612794043
19.0	2.782831612794043
19.5	2.782831612794043
20.0	2.782831612794043
20.5	2.782831612794043
21.0	2.782831612794043
21.5	2.782831612794043
22.0	2.782831612794043
22.5	2.782831612794043
23.0	2.782831612794043
23.5	5.040257914609352
24.0	5.040257914609352
24.5	5.040257914609352
25.0	5.040257914609352
25.5	5.040257914609352
26.0	5.040257914609352
26.5	5.040257914609352
27	5.914345578231292
27.5	5.914345578231292
28.0	5.914345578231292
28.5	5.914345578231292
29.0	5.914345578231292
29.5	5.914345578231292
30	5.914070323488045
30.5	5.914070323488045
31.0	5.914070323488045
31.5	5.914070323488045
32.0	5.914070323488045
32.5	5.914070323488045
33	5.36277427184466
33.5	5.36277427184466
34.0	5.36277427184466
34.5	5.36277427184466
35.0	5.36277427184466
35.5	5.36277427184466
36.0	5.36277427184466
36.5	5.363290512669416
37.0	5.363290512669416
37.5	5.363290512669416
38.0	5.363290512669416
38.5	5.363290512669416
39.0	5.363290512669416
39.5	5.363290512669416
40	5.752309788454643
40.5	5.752309788454643
41.0	5.752309788454643
41.5	5.752309788454643
42.0	5.752309788454643
42.5	5.854967002197156
43	5.859089486219803
43.5	5.859089486219803
44.0	5.859089486219803
44.5	5.859089486219803
45.0	5.859089486219803
45.5	5.859089486219803
46	5.77475157629256
46.5	5.77475157629256
47.0	5.77475157629256
47.5	5.77475157629256
48.0	5.77475157629256
48.5	5.77475157629256
49	5.726832116788321
49.5	5.726832116788321
50.0	5.726832116788321
50.5	5.726832116788321
51.0	5.726832116788321
51.5	5.726832116788321
52	5.602588457899716
52.5	5.602588457899716
53.0	5.602588457899716
53.5	5.602588457899716
54.0	5.602588457899716
54.5	5.602588457899716
55	5.53963505318062
55.5	5.537173299101412
56.0	5.537173299101412
56.5	5.537173299101412
57.0	5.537173299101412
57.5	5.537173299101412
58.0	5.537173299101412
58.5	5.155824328593997
59.0	5.155824328593997
59.5	5.155824328593997
60.0	5.155824328593997
60.5	5.155824328593997
61.0	5.155824328593997
61.5	4.875827520190838
62	4.855480200780814
62.5	4.855480200780814
63.0	4.855480200780814
63.5	4.855480200780814
64.0	4.855480200780814
64.5	4.855480200780814
65.0	4.855480200780814
65.5	4.726608510638298
66.0	4.726608510638298
66.5	4.726608510638298
67.0	4.726608510638298
67.5	4.726608510638298
68.0	4.726608510638298
68.5	4.726608510638298
69.0	4.726608510638298
69.5	4.132575183219611
70.0	4.132575183219611
70.5	4.132575183219611
71.0	4.132575183219611
71.5	4.132575183219611
72.0	4.132575183219611
72.5	4.132575183219611
73.0	4.132575183219611
73.5	3.4566923532898635
74.0	3.4566923532898635
74.5	3.4566923532898635
75.0	3.4566923532898635
75.5	3.4566923532898635
76.0	3.4566923532898635
76.5	3.4566923532898635
77.0	3.4566923532898635
77.5	3.4566923532898635
78.0	3.4566923532898635
78.5	3.578042914807733
79.0	3.578042914807733
79.5	3.578042914807733
80.0	3.578042914807733
80.5	3.578042914807733
81.0	3.578042914807733
81.5	3.578042914807733
82.0	3.578042914807733
82.5	3.578042914807733
83.0	3.578042914807733
83.5	6.320812664907652
84.0	6.320812664907652
84.5	6.320812664907652
85.0	6.320812664907652
85.5	6.320812664907652
86.0	6.320812664907652
86.5	6.325735364875702
87.0	6.325735364875702
87.5	6.325735364875702
88.0	6.325735364875702
88.5	6.325735364875702
89	5.301742316050916
89.5	5.301742316050916
90.0	5.301742316050916
90.5	5.301742316050916
91.0	5.301742316050916
91.5	5.301742316050916
92.0	5.301742316050916
92.5	5.116170212765957
93.0	5.116170212765957
93.5	5.116170212765957
94.0	5.116170212765957
94.5	5.116170212765957
95.0	5.116170212765957
95.5	5.031630337464313
96	5.023935809806835
96.5	5.023935809806835
97.0	5.023935809806835
97.5	5.023935809806835
98.0	5.023935809806835
98.5	5.023935809806835
99.0	5.023935809806835
99.5	4.953247621793024
100.0	4.953247621793024
100.5	4.953247621793024
101.0	4.953247621793024
101.5	4.953247621793024
102.0	4.953247621793024
102.5	4.953247621793024
103	4.8596041031327974
103.5	4.8596041031327974
104.0	4.8596041031327974
104.5	4.8596041031327974
105.0	4.8596041031327974
105.5	4.8596041031327974
106.0	4.8596041031327974
106.5	5.156169109357385
107.0	5.156169109357385
107.5	5.156169109357385
108.0	5.156169109357385
108.5	5.156169109357385
109.0	5.156169109357385
109.5	5.156169109357385
110	6.50212788808718
110.5	6.52147509713882
111.0	6.52147509713882
111.5	6.52147509713882
112.0	6.52147509713882
112.5	6.52147509713882
113	6.519036107943748
113.5	6.519036107943748
114.0	6.519036107943748
114.5	6.519036107943748
115.0	6.519036107943748
115.5	6.519036107943748
116	7.041837689133424
116.5	7.041837689133424
117.0	7.041837689133424
117.5	7.041837689133424
118	7.099064462809917
118.5	7.099064462809917
119.0	7.099064462809917
119.5	7.099064462809917
120.0	7.099064462809917
120.5	7.566914893617021
121.0	7.566914893617021
121.5	7.566914893617021
122.0	7.566914893617021
122.5	7.566914893617021
123	7.67499329459097
123.5	7.67499329459097
124.0	7.67499329459097
124.5	7.67499329459097
125.0	7.67499329459097
125.5	6.428326219512195
126.0	6.428326219512195
126.5	6.428326219512195
127.0	6.428326219512195
127.5	6.428326219512195
128	6.0430733056708155
128.5	6.0430733056708155
129.0	6.0430733056708155
129.5	6.0430733056708155
130.0	6.0430733056708155
130.5	6.0430733056708155
131	4.836303133903134
131.5	4.836303133903134
132.0	4.836303133903134
132.5	4.836303133903134
133.0	4.836303133903134
133.5	4.836303133903134
134.0	4.836303133903134
134.5	4.416293715228732
135	4.405165260545906
135.5	4.405165260545906
136.0	4.405165260545906
136.5	4.405165260545906
137.0	4.405165260545906
137.5	4.405165260545906
138.0	4.405165260545906
138.5	4.405165260545906
139	3.734534270650264
139.5	3.734534270650264
140.0	3.734534270650264
140.5	3.734534270650264
141.0	3.734534270650264
141.5	3.734534270650264
142.0	3.734534270650264
142.5	3.734534270650264
143.0	3.734534270650264
143.5	3.327540825773005
144.0	3.327540825773005
144.5	3.327540825773005
145.0	3.327540825773005
145.5	3.327540825773005
146.0	3.327540825773005
146.5	3.327540825773005
147.0	3.327540825773005
147.5	3.327540825773005
148.0	3.327540825773005
148.5	3.327540825773005
149	3.7923906212231087
149.5	3.7923906212231087
150.0	3.7923906212231087
150.5	3.7923906212231087
151.0	3.7923906212231087
151.5	3.7923906212231087
152.0	3.7923906212231087
152.5	3.7923906212231087
153	5.2417439951353
153.5	5.2417439951353
154.0	5.2417439951353
154.5	5.2417439951353
155.0	5.2417439951353
155.5	5.2417439951353
156.0	5.2417439951353
156.5	5.251494505494506
157.0	5.251494505494506
157.5	5.251494505494506
158.0	5.251494505494506
158.5	5.251494505494506
