0	2.644378181818182
0.5	2.644378181818182
1	2.670901287553648
1.5	2.638811320754717
2	2.6569572649572653
2.5	2.600701421800948
3.0	2.600701421800948
3.5	2.600701421800948
4	2.6029504467912266
4.5	2.6029504467912266
5.0	2.6029504467912266
5.5	2.6029504467912266
6.0	2.6029504467912266
6.5	2.600186647523331
7.0	2.600186647523331
7.5	2.600186647523331
8.0	2.600186647523331
8.5	2.600186647523331
9.0	2.600186647523331
9.5	2.5431342925659473
10.0	2.5431342925659473
10.5	2.5431342925659473
11.0	2.5431342925659473
11.5	2.5431342925659473
12.0	2.5431342925659473
12.5	2.5431342925659473
13	2.4357957872188503
13.5	2.4357957872188503
14.0	2.4357957872188503
14.5	2.4357957872188503
15.0	2.4357957872188503
15.5	2.4307286682960427
16	2.430553191489362
16.5	2.430553191489362
17.0	2.430553191489362
17.5	2.430553191489362
18.0	2.430553191489362
18.5	2.430553191489362
19	2.438712941939669
19.5	2.438712941939669
20.0	2.438712941939669
20.5	2.438712941939669
21.0	2.438712941939669
21.5	2.438712941939669
22	2.4222521452145216
22.5	2.4222521452145216
23.0	2.4222521452145216
23.5	2.4222521452145216
24.0	2.4222521452145216
24.5	2.4222521452145216
25	1.589676390346275
25.5	1.589676390346275
26.0	1.589676390346275
26.5	1.589676390346275
27.0	1.589676390346275
27.5	1.589676390346275
28.0	1.589676390346275
28.5	1.589676390346275
29.0	1.589676390346275
29.5	1.589676390346275
30	0.8982376773913985
30.5	0.8982376773913985
31.0	0.8982376773913985
31.5	0.8982376773913985
32.0	0.8982376773913985
32.5	0.8982376773913985
33.0	0.8982376773913985
33.5	0.8982376773913985
34.0	0.8982376773913985
34.5	0.8982376773913985
35.0	0.8982376773913985
35.5	0.8982376773913985
36.0	0.8982376773913985
36.5	0.8982376773913985
37.0	0.8982376773913985
37.5	0.8982376773913985
38.0	0.8982376773913985
38.5	0.8982376773913985
39.0	0.8982376773913985
39.5	0.8373309554140127
40.0	0.8373309554140127
40.5	0.8373309554140127
41.0	0.8373309554140127
41.5	0.8373309554140127
42.0	0.8373309554140127
42.5	0.8373309554140127
43.0	0.8373309554140127
43.5	0.8373309554140127
44.0	0.8373309554140127
44.5	0.8373309554140127
45.0	0.8373309554140127
45.5	0.8373309554140127
46.0	0.8373309554140127
46.5	0.8373309554140127
47.0	0.8373309554140127
47.5	3.620274509803922
48.0	3.620274509803922
48.5	3.620274509803922
49.0	3.620274509803922
49.5	3.0713232724384434
50.0	3.0713232724384434
50.5	3.0713232724384434
51.0	3.0713232724384434
51.5	3.0713232724384434
52	5.944389261744966
52.5	5.944389261744966
53	4.733290409514693
53.5	4.6235599765945
54.0	4.6235599765945
54.5	4.6235599765945
55	5.449882005899705
55.5	5.449882005899705
56.0	5.449882005899705
56.5	6.199917933130699
57.0	6.199917933130699
57.5	6.199917933130699
58.0	6.199917933130699
58.5	6.199917933130699
59	5.892284574513549
59.5	5.884336600202771
60.0	5.884336600202771
60.5	5.884336600202771
61.0	5.884336600202771
61.5	5.884336600202771
62	5.565245075016548
62.5	5.5607158948685855
63.0	5.5607158948685855
63.5	5.5607158948685855
64.0	5.5607158948685855
64.5	5.5607158948685855
65.0	5.5607158948685855
65.5	5.6233149931224204
66.0	5.6233149931224204
66.5	5.6233149931224204
67.0	5.6233149931224204
67.5	5.6233149931224204
68.0	5.6233149931224204
68.5	5.663425056652638
69.0	5.663425056652638
69.5	5.663425056652638
70.0	5.663425056652638
70.5	5.663425056652638
71.0	5.663425056652638
71.5	5.297688336382793
72	5.28454596799498
72.5	5.28454596799498
73.0	5.28454596799498
73.5	5.28454596799498
74.0	5.28454596799498
74.5	5.28454596799498
75	5.707178082191781
75.5	5.707178082191781
76.0	5.707178082191781
76.5	5.707178082191781
77.0	5.707178082191781
77.5	5.707178082191781
78.0	5.707178082191781
78.5	5.9021264496820045
79.0	5.9021264496820045
79.5	5.9021264496820045
80.0	5.9021264496820045
80.5	5.9021264496820045
81	5.771148845196544
81.5	5.755615773508595
82.0	5.755615773508595
82.5	5.755615773508595
83.0	5.755615773508595
83.5	5.755615773508595
84.0	5.755615773508595
84.5	5.769116961012996
85.0	5.769116961012996
85.5	5.769116961012996
86.0	5.769116961012996
86.5	5.769116961012996
87.0	5.769116961012996
87.5	5.607145605306799
88.0	5.607145605306799
88.5	5.607145605306799
89.0	5.607145605306799
89.5	5.607145605306799
90.0	5.607145605306799
90.5	5.203760145366445
91.0	5.203760145366445
91.5	5.203760145366445
92.0	5.203760145366445
92.5	5.203760145366445
93.0	5.203760145366445
93.5	5.203760145366445
94	5.728298039215686
94.5	5.728298039215686
95.0	5.728298039215686
95.5	5.728298039215686
96.0	5.728298039215686
96.5	5.728298039215686
97	5.592811984102721
97.5	5.592811984102721
98.0	5.592811984102721
98.5	5.592811984102721
99.0	5.592811984102721
99.5	5.592811984102721
100.0	5.592811984102721
100.5	5.496366775826139
101.0	5.496366775826139
101.5	5.496366775826139
102.0	5.496366775826139
102.5	5.496366775826139
103.0	5.496366775826139
103.5	5.496366775826139
104	5.469255102040816
104.5	5.469255102040816
105.0	5.469255102040816
105.5	5.469255102040816
106.0	5.469255102040816
106.5	5.469255102040816
107	5.536498918529199
107.5	5.536498918529199
108.0	5.536498918529199
108.5	5.536498918529199
109.0	5.536498918529199
109.5	5.536498918529199
110	5.49751552
110.5	5.49751552
111.0	5.49751552
111.5	5.49751552
112.0	5.49751552
112.5	5.49751552
113.0	5.49751552
113.5	5.447019783024888
114.0	5.447019783024888
114.5	5.447019783024888
115.0	5.447019783024888
115.5	5.447019783024888
116.0	5.447019783024888
116.5	5.568913396042816
117.0	5.568913396042816
117.5	5.568913396042816
118.0	5.568913396042816
118.5	5.568913396042816
119.0	5.568913396042816
119.5	5.657117020665732
120	5.660378523489933
120.5	5.660378523489933
121.0	5.660378523489933
121.5	5.660378523489933
122.0	5.660378523489933
122.5	5.660378523489933
123	5.523567635903919
123.5	5.523567635903919
124.0	5.523567635903919
124.5	5.523567635903919
125.0	5.523567635903919
125.5	5.523567635903919
126	5.533058670143416
126.5	5.533058670143416
127.0	5.533058670143416
127.5	5.533058670143416
128.0	5.533058670143416
128.5	5.533058670143416
129	5.379760351671773
129.5	5.378011511663132
130.0	5.378011511663132
130.5	5.378011511663132
131.0	5.378011511663132
131.5	5.378011511663132
132.0	5.378011511663132
132.5	5.453833814565287
133.0	5.453833814565287
133.5	5.453833814565287
134.0	5.453833814565287
134.5	5.453833814565287
135.0	5.453833814565287
135.5	5.453833814565287
136	5.6640554680113455
136.5	5.6640554680113455
137.0	5.6640554680113455
137.5	5.6640554680113455
138.0	5.6640554680113455
138.5	5.6640554680113455
139	5.583365335161317
139.5	5.575380241648898
140.0	5.575380241648898
140.5	5.575380241648898
141.0	5.575380241648898
141.5	5.575380241648898
142	5.517075686354961
142.5	5.515065898912348
143.0	5.515065898912348
143.5	5.515065898912348
144.0	5.515065898912348
144.5	5.515065898912348
145.0	5.515065898912348
145.5	5.622188235294117
146.0	5.622188235294117
146.5	5.622188235294117
147.0	5.622188235294117
