0	1.6583899657924743
0.5	1.6583899657924743
1	1.6692137271525813
1.5	1.6706577181208053
2	1.6649642857142857
2.5	1.6702696941559485
3	1.6713118279569892
3.5	1.6429580838323354
4.0	1.6429580838323354
4.5	1.6429580838323354
5.0	1.6429580838323354
5.5	1.6821893332339628
6	1.6838533333333332
6.5	1.6617344173441735
7	2.2872323011083298
7.5	2.342323578133628
8.0	2.342323578133628
8.5	2.342323578133628
9.0	2.342323578133628
9.5	2.342323578133628
10.0	2.342323578133628
10.5	2.342323578133628
11	2.179764856230032
11.5	2.179764856230032
12.0	2.179764856230032
12.5	2.179764856230032
13.0	2.179764856230032
13.5	2.179764856230032
14	2.038222470030666
14.5	2.038222470030666
15.0	2.038222470030666
15.5	2.038222470030666
16.0	2.038222470030666
16.5	2.038222470030666
17.0	2.038222470030666
17.5	2.038222470030666
18	1.886713174404015
18.5	1.886713174404015
19.0	1.886713174404015
19.5	1.886713174404015
20.0	1.886713174404015
20.5	1.886713174404015
21.0	1.886713174404015
21.5	1.886713174404015
22	1.2671657458563537
22.5	1.2671657458563537
23.0	1.2671657458563537
23.5	1.2671657458563537
24.0	1.2671657458563537
24.5	1.2671657458563537
25.0	1.2671657458563537
25.5	1.2671657458563537
26.0	1.2671657458563537
26.5	1.2671657458563537
27.0	1.2671657458563537
27.5	1.2671657458563537
28	1.389108380707867
28.5	1.389108380707867
29.0	1.389108380707867
29.5	1.389108380707867
30.0	1.389108380707867
30.5	1.389108380707867
31.0	1.389108380707867
31.5	1.389108380707867
32.0	1.389108380707867
32.5	1.389108380707867
33.0	1.389108380707867
33.5	1.8372771992023045
34.0	1.8372771992023045
34.5	1.8372771992023045
35.0	1.8372771992023045
35.5	1.8372771992023045
36.0	1.8372771992023045
36.5	1.8372771992023045
37.0	1.8372771992023045
37.5	1.8372771992023045
38	2.096666028708134
38.5	2.096666028708134
39.0	2.096666028708134
39.5	2.096666028708134
40.0	2.096666028708134
40.5	2.096666028708134
41	1.6291484923718913
41.5	1.592015520586333
42.0	1.592015520586333
42.5	1.592015520586333
43.0	1.592015520586333
43.5	1.592015520586333
44.0	1.592015520586333
44.5	1.592015520586333
45.0	1.592015520586333
45.5	1.592015520586333
46	1.4239720125207143
46.5	1.4239720125207143
47.0	1.4239720125207143
47.5	1.4239720125207143
48.0	1.4239720125207143
48.5	1.4239720125207143
49.0	1.4239720125207143
49.5	1.4239720125207143
50.0	1.4239720125207143
50.5	1.4239720125207143
51.0	1.4239720125207143
51.5	1.9265122349102775
52.0	1.9265122349102775
52.5	1.9265122349102775
53.0	1.9265122349102775
53.5	1.9265122349102775
54.0	1.9265122349102775
54.5	1.9265122349102775
55.0	1.9265122349102775
55.5	1.8930675610924772
56.0	1.8930675610924772
56.5	1.8930675610924772
57.0	1.8930675610924772
57.5	1.8930675610924772
58.0	1.8930675610924772
58.5	1.8930675610924772
59.0	1.8930675610924772
59.5	1.9411808669093673
60	1.942702418506835
60.5	1.942702418506835
61.0	1.942702418506835
61.5	1.942702418506835
62.0	1.942702418506835
62.5	1.942702418506835
63.0	1.942702418506835
63.5	1.8412059886422303
64.0	1.8412059886422303
64.5	1.8412059886422303
65.0	1.8412059886422303
65.5	1.8412059886422303
66.0	1.8412059886422303
66.5	1.8412059886422303
67.0	1.8412059886422303
67.5	1.528981192476991
68.0	1.528981192476991
68.5	1.528981192476991
69.0	1.528981192476991
69.5	1.528981192476991
70.0	1.528981192476991
70.5	1.528981192476991
71.0	1.528981192476991
71.5	1.528981192476991
72.0	1.528981192476991
72.5	1.528374423804166
73	1.5283615551608447
73.5	1.5283615551608447
74.0	1.5283615551608447
74.5	1.5283615551608447
75.0	1.5283615551608447
75.5	1.5283615551608447
76.0	1.5283615551608447
76.5	1.5283615551608447
77.0	1.5283615551608447
77.5	1.5283615551608447
78	1.5736723672367237
78.5	1.5736723672367237
79.0	1.5736723672367237
79.5	1.5736723672367237
80.0	1.5736723672367237
80.5	1.5736723672367237
81.0	1.5736723672367237
81.5	1.5736723672367237
82.0	1.5736723672367237
82.5	1.6390161989504903
83.0	1.6390161989504903
83.5	1.6390161989504903
84.0	1.6390161989504903
84.5	1.6390161989504903
85.0	1.6390161989504903
85.5	1.6390161989504903
86.0	1.6390161989504903
86.5	1.6390161989504903
87	2.1647192353643967
87.5	2.1647192353643967
88.0	2.1647192353643967
88.5	2.1647192353643967
89.0	2.1647192353643967
89.5	2.1647192353643967
90.0	2.1647192353643967
90.5	2.3844939091915833
91.0	2.3844939091915833
91.5	2.3844939091915833
92.0	2.3844939091915833
92.5	2.3844939091915833
93.0	2.3844939091915833
93.5	2.3844939091915833
94	1.9480055636899325
94.5	1.9366462324393359
95.0	1.9366462324393359
95.5	1.9366462324393359
96.0	1.9366462324393359
96.5	1.9366462324393359
97.0	1.9366462324393359
97.5	1.7363641231593039
98.0	1.7363641231593039
98.5	1.7363641231593039
99.0	1.7363641231593039
99.5	1.7363641231593039
100.0	1.7363641231593039
100.5	1.7363641231593039
101.0	1.7363641231593039
101.5	1.7363641231593039
102	1.601330871794872
102.5	1.601330871794872
103.0	1.601330871794872
103.5	1.601330871794872
104.0	1.601330871794872
104.5	1.601330871794872
105.0	1.601330871794872
105.5	1.601330871794872
106.0	1.601330871794872
106.5	1.601330871794872
107	1.937186581646798
107.5	1.937186581646798
108.0	1.937186581646798
108.5	1.937186581646798
109.0	1.937186581646798
109.5	1.937186581646798
110.0	1.937186581646798
110.5	1.9369978318400816
111	1.936992389649924
111.5	1.936992389649924
112.0	1.936992389649924
112.5	1.936992389649924
113.0	1.936992389649924
113.5	1.936992389649924
114.0	1.936992389649924
114.5	1.965913439337453
115	1.9662582615940016
115.5	1.9662582615940016
116.0	1.9662582615940016
116.5	1.9662582615940016
117.0	1.9662582615940016
117.5	1.9662582615940016
118.0	1.9662582615940016
118.5	1.9374577777777777
119.0	1.9374577777777777
119.5	1.9374577777777777
120.0	1.9374577777777777
120.5	1.9374577777777777
121.0	1.9374577777777777
121.5	1.9374577777777777
122.0	1.9374577777777777
122.5	1.9374577777777777
123	1.852504626495148
123.5	1.852504626495148
124.0	1.852504626495148
124.5	1.852504626495148
125.0	1.852504626495148
125.5	1.852504626495148
126.0	1.852504626495148
126.5	1.852504626495148
127.0	1.852504626495148
127.5	1.4296736084816357
128.0	1.4296736084816357
128.5	1.4296736084816357
129.0	1.4296736084816357
129.5	1.4296736084816357
130.0	1.4296736084816357
130.5	1.4296736084816357
131.0	1.4296736084816357
131.5	1.4296736084816357
132.0	1.4296736084816357
132.5	1.4296736084816357
133	1.0835555555555556
133.5	1.0835555555555556
134.0	1.0835555555555556
134.5	1.0835555555555556
135.0	1.0835555555555556
135.5	1.0835555555555556
136.0	1.0835555555555556
136.5	1.0835555555555556
137.0	1.0835555555555556
137.5	1.0835555555555556
138.0	1.0835555555555556
138.5	1.2731161971830987
139.0	1.2731161971830987
139.5	1.2731161971830987
140.0	1.2731161971830987
140.5	1.2731161971830987
141	5.404671428571429
141.5	4.986346952444742
142.0	4.986346952444742
142.5	4.986346952444742
143	1.6000931966449208
143.5	1.6000931966449208
144.0	1.6000931966449208
144.5	1.6000931966449208
145.0	1.6000931966449208
145.5	1.6000931966449208
146.0	1.6000931966449208
146.5	1.6000931966449208
147.0	1.6000931966449208
147.5	1.349134583744653
148.0	1.349134583744653
148.5	1.349134583744653
149.0	1.349134583744653
149.5	1.349134583744653
150.0	1.349134583744653
150.5	1.349134583744653
151.0	1.349134583744653
151.5	1.349134583744653
152.0	1.349134583744653
152.5	1.349134583744653
153.0	1.349134583744653
153.5	1.4277804229553432
154	1.4317528271405493
154.5	1.4317528271405493
155.0	1.4317528271405493
155.5	1.4317528271405493
156.0	1.4317528271405493
156.5	1.4317528271405493
157.0	1.4317528271405493
157.5	1.4317528271405493
158.0	1.4317528271405493
158.5	1.4317528271405493
159	0.9108926817862988
159.5	0.9108926817862988
160.0	0.9108926817862988
160.5	0.9108926817862988
161.0	0.9108926817862988
161.5	0.9108926817862988
162.0	0.9108926817862988
162.5	0.9108926817862988
163.0	0.9108926817862988
163.5	0.9108926817862988
164.0	0.9108926817862988
164.5	0.9108926817862988
165.0	0.9108926817862988
165.5	0.9108926817862988
166.0	0.9108926817862988
166.5	0.9108926817862988
167.0	0.9108926817862988
167.5	0.7818607372732592
168.0	0.7818607372732592
168.5	0.7818607372732592
169.0	0.7818607372732592
169.5	0.9381040293040293
170.0	0.9381040293040293
170.5	0.9381040293040293
171	2.8524356593886875
171.5	2.836180586907449
172.0	2.836180586907449
172.5	2.828906955736224
173.0	2.828906955736224
