0	0.5494552323384965
0.5	0.5494552323384965
1.0	0.5494552323384965
1.5	0.5494552323384965
2.0	0.5494552323384965
2.5	0.5494552323384965
3	0.5539118825100133
3.5	0.5539118825100133
4.0	0.5539118825100133
4.5	0.5539118825100133
5.0	0.5539118825100133
5.5	0.5533412462908012
6.0	0.5533412462908012
6.5	0.5533412462908012
7.0	0.5533412462908012
7.5	0.6226619929894842
8.0	0.6226619929894842
8.5	0.6226619929894842
9.0	0.6226619929894842
9.5	1.510023803400112
10	1.56778896882494
10.5	1.3779918332269796
11	1.3616064690026954
11.5	1.3524141898370088
12.0	1.3524141898370088
12.5	1.3524141898370088
13.0	1.3524141898370088
13.5	2.2046045933476393
14	2.2438233271621266
14.5	2.2438233271621266
15.0	2.2438233271621266
15.5	2.2438233271621266
16.0	2.2438233271621266
16.5	2.2438233271621266
17.0	2.2438233271621266
17.5	1.2472877513711151
18.0	1.2472877513711151
18.5	1.2472877513711151
19.0	1.2472877513711151
19.5	1.2472877513711151
20.0	1.2472877513711151
20.5	1.2472877513711151
21.0	1.2472877513711151
21.5	1.2472877513711151
22.0	1.2472877513711151
22.5	1.2472877513711151
23	1.9957223917897542
23.5	2.0124150839526562
24.0	2.0124150839526562
24.5	2.0124150839526562
25.0	2.0124150839526562
25.5	2.0124150839526562
26.0	2.0124150839526562
26.5	2.0124150839526562
27	1.9224116594221428
27.5	1.9224116594221428
28.0	1.9224116594221428
28.5	1.9224116594221428
29.0	1.9224116594221428
29.5	1.9224116594221428
30.0	1.9224116594221428
30.5	1.9224116594221428
31	1.5869024864864865
31.5	1.5869024864864865
32.0	1.5869024864864865
32.5	1.5869024864864865
33.0	1.5869024864864865
33.5	1.5869024864864865
34.0	1.5869024864864865
34.5	1.5869024864864865
35.0	1.5869024864864865
35.5	1.5071245523278949
36.0	1.5071245523278949
36.5	1.5071245523278949
37.0	1.5071245523278949
37.5	1.5071245523278949
38.0	1.5071245523278949
38.5	1.5071245523278949
39.0	1.5071245523278949
39.5	1.5071245523278949
40.0	1.5071245523278949
40.5	1.287991998378475
41	1.2843296158612143
41.5	1.2843296158612143
42.0	1.2843296158612143
42.5	1.2843296158612143
43.0	1.2843296158612143
43.5	1.2843296158612143
44.0	1.2843296158612143
44.5	1.2843296158612143
45.0	1.2843296158612143
45.5	1.2843296158612143
46.0	1.2843296158612143
46.5	1.2843296158612143
47	1.52158522116093
47.5	1.526840418118467
48.0	1.526840418118467
48.5	1.526840418118467
49.0	1.526840418118467
49.5	1.526840418118467
50.0	1.526840418118467
50.5	1.526840418118467
51.0	1.526840418118467
51.5	1.6608847965712763
52	1.669385171790235
52.5	1.669385171790235
53.0	1.669385171790235
53.5	1.669385171790235
54.0	1.669385171790235
54.5	1.669385171790235
55.0	1.669385171790235
55.5	1.669385171790235
56.0	1.669385171790235
56.5	1.561080339119903
57.0	1.561080339119903
57.5	1.561080339119903
58.0	1.561080339119903
58.5	1.561080339119903
59.0	1.561080339119903
59.5	1.561080339119903
60.0	1.561080339119903
60.5	1.561080339119903
61.0	1.561080339119903
61.5	1.708635640221847
62.0	1.708635640221847
62.5	1.708635640221847
63.0	1.708635640221847
63.5	1.708635640221847
64.0	1.708635640221847
64.5	1.708635640221847
65.0	1.708635640221847
65.5	1.980366917293233
66.0	1.980366917293233
66.5	1.980366917293233
67.0	1.980366917293233
67.5	1.980366917293233
68.0	1.980366917293233
68.5	1.980366917293233
69.0	1.980366917293233
69.5	2.0547923298176944
70	2.0567881992763706
70.5	2.0567881992763706
71.0	2.0567881992763706
71.5	2.0567881992763706
72.0	2.0567881992763706
72.5	2.0567881992763706
73.0	2.0567881992763706
73.5	2.079542857142857
74.0	2.079542857142857
74.5	2.079542857142857
75.0	2.079542857142857
75.5	2.079542857142857
76.0	2.079542857142857
76.5	2.079542857142857
77	2.1672853091321613
77.5	2.1672853091321613
78.0	2.1672853091321613
78.5	2.1672853091321613
79.0	2.1672853091321613
79.5	2.1672853091321613
80.0	2.1672853091321613
80.5	2.0918984332793085
81.0	2.0918984332793085
81.5	2.0918984332793085
82.0	2.0918984332793085
82.5	2.0918984332793085
83.0	2.0918984332793085
83.5	2.0918984332793085
84.0	2.0918984332793085
84.5	2.1153660012099214
85.0	2.1153660012099214
85.5	2.1153660012099214
86.0	2.1153660012099214
86.5	2.1153660012099214
87.0	2.1153660012099214
87.5	2.1510237783414228
88	2.154065367316342
88.5	2.154065367316342
89.0	2.154065367316342
89.5	2.154065367316342
90.0	2.154065367316342
90.5	2.154065367316342
91.0	2.154065367316342
91.5	2.1191461988304097
92.0	2.1191461988304097
92.5	2.1191461988304097
93.0	2.1191461988304097
93.5	2.1191461988304097
94.0	2.1191461988304097
94.5	2.1191461988304097
95	2.090483495145631
95.5	2.090483495145631
96.0	2.090483495145631
96.5	2.090483495145631
97.0	2.090483495145631
97.5	2.090483495145631
98.0	2.090483495145631
98.5	2.090483495145631
99	2.075120082107424
99.5	2.075120082107424
100.0	2.075120082107424
100.5	2.075120082107424
101.0	2.075120082107424
101.5	2.075120082107424
102	1.9873299284984678
102.5	1.9873299284984678
103.0	1.9873299284984678
103.5	1.9873299284984678
104.0	1.9873299284984678
104.5	1.9873299284984678
105.0	1.9873299284984678
105.5	1.9873299284984678
106	2.006293497815472
106.5	2.006293497815472
107.0	2.006293497815472
107.5	2.006293497815472
108.0	2.006293497815472
108.5	2.006293497815472
109.0	2.006293497815472
109.5	2.006293497815472
110	1.9265045492142268
110.5	1.9265045492142268
111.0	1.9265045492142268
111.5	1.9265045492142268
112.0	1.9265045492142268
112.5	1.9265045492142268
113.0	1.9265045492142268
113.5	1.7564152206850867
114	1.7528980716253444
114.5	1.7528980716253444
115.0	1.7528980716253444
115.5	1.7528980716253444
116.0	1.7528980716253444
116.5	1.7528980716253444
117.0	1.7528980716253444
117.5	1.7528980716253444
118	2.0009633732925085
118.5	2.0086513475177306
119.0	2.0086513475177306
119.5	2.0086513475177306
120.0	2.0086513475177306
120.5	2.0086513475177306
121.0	2.0086513475177306
121.5	2.0086513475177306
122	1.8488017857142856
122.5	1.8488017857142856
123.0	1.8488017857142856
123.5	1.8488017857142856
124.0	1.8488017857142856
124.5	1.8488017857142856
125.0	1.8488017857142856
125.5	1.8488017857142856
126.0	1.8488017857142856
126.5	1.5734038719570635
127.0	1.5734038719570635
127.5	1.5734038719570635
128.0	1.5734038719570635
128.5	1.5734038719570635
129.0	1.5734038719570635
129.5	1.5734038719570635
130.0	1.5734038719570635
130.5	1.5734038719570635
131.0	1.5734038719570635
131.5	1.5734038719570635
132	1.6194587175638
132.5	1.6194587175638
133.0	1.6194587175638
133.5	1.6194587175638
134.0	1.6194587175638
134.5	1.6194587175638
135.0	1.6194587175638
135.5	1.6194587175638
136.0	1.6194587175638
136.5	1.9361540504648074
137.0	1.9361540504648074
137.5	1.9361540504648074
138.0	1.9361540504648074
138.5	1.9361540504648074
139.0	1.9361540504648074
139.5	1.7860555630541404
140	1.7822682174222644
140.5	1.7822682174222644
141.0	1.7822682174222644
141.5	1.7822682174222644
142.0	1.7822682174222644
142.5	1.7822682174222644
143.0	1.7822682174222644
143.5	1.7822682174222644
144	0.9516062311820919
144.5	0.9516062311820919
145.0	0.9516062311820919
145.5	0.9516062311820919
146.0	0.9516062311820919
146.5	0.9516062311820919
147.0	0.9516062311820919
147.5	0.9516062311820919
148.0	0.9516062311820919
148.5	0.9516062311820919
149.0	0.9516062311820919
149.5	0.9516062311820919
150.0	0.9516062311820919
150.5	0.9516062311820919
151.0	0.9516062311820919
151.5	0.9696461041332252
152	0.9700310366232154
152.5	0.9700310366232154
153.0	0.9700310366232154
153.5	0.9700310366232154
154.0	0.9700310366232154
154.5	0.9700310366232154
155	1.5616675461741425
155.5	1.5616675461741425
156	1.6349191919191919
156.5	1.6349191919191919
157	1.8984336734693876
157.5	1.8984336734693876
158.0	1.8984336734693876
158.5	1.5351348511383538
159.0	1.5351348511383538
159.5	1.5351348511383538
160.0	1.5351348511383538
160.5	1.5351348511383538
161	1.1319317467444994
161.5	1.1319317467444994
162.0	1.1319317467444994
162.5	1.1319317467444994
163.0	1.1319317467444994
163.5	1.1319317467444994
164.0	1.1319317467444994
164.5	1.1319317467444994
165.0	1.1319317467444994
165.5	2.012941839610556
166.0	2.012941839610556
166.5	2.012941839610556
167.0	2.012941839610556
167.5	2.012941839610556
168.0	2.012941839610556
168.5	2.012941839610556
169.0	2.012941839610556
169.5	3.6236859323882227
170.0	3.6236859323882227
170.5	3.6236859323882227
171.0	3.6236859323882227
171.5	3.4901855670103092
172.0	3.4901855670103092
172.5	3.4901855670103092
173.0	3.4901855670103092
173.5	3.237027027027027
174.0	3.237027027027027
174.5	3.237027027027027
