0	2.6064659498207883
0.5	2.6064659498207883
1	2.6258227848101265
1.5	2.5724069660861595
2.0	2.5724069660861595
2.5	2.5661409395973154
3.0	2.5661409395973154
3.5	2.5661409395973154
4	2.576281690140845
4.5	2.576281690140845
5	2.511103671004962
5.5	2.5045246690734055
6.0	2.5045246690734055
6.5	2.5045246690734055
7	2.6265844815083392
7.5	2.6265844815083392
8.0	2.6265844815083392
8.5	2.6265844815083392
9.0	2.6265844815083392
9.5	2.6265844815083392
10	2.682230793550427
10.5	2.682230793550427
11.0	2.682230793550427
11.5	2.682230793550427
12.0	2.682230793550427
12.5	2.682230793550427
13	2.6988386075949364
13.5	2.6988386075949364
14.0	2.6988386075949364
14.5	2.6988386075949364
15.0	2.6988386075949364
15.5	2.742349587396849
16.0	2.742349587396849
16.5	2.742349587396849
17.0	2.742349587396849
17.5	2.742349587396849
18.0	2.742349587396849
18.5	2.7460014609203798
19.0	2.7460014609203798
19.5	2.7460014609203798
20.0	2.7460014609203798
20.5	2.7460014609203798
21	2.7022916053019146
21.5	2.7022916053019146
22.0	2.7022916053019146
22.5	2.7022916053019146
23.0	2.7022916053019146
23.5	2.7022916053019146
24	2.696620861516554
24.5	2.696620861516554
25.0	2.696620861516554
25.5	2.696620861516554
26.0	2.696620861516554
26.5	2.696620861516554
27	2.7528658698539177
27.5	2.7528658698539177
28.0	2.7528658698539177
28.5	2.7528658698539177
29.0	2.7528658698539177
29.5	2.7528658698539177
30	2.7116534653465347
30.5	2.7116534653465347
31.0	2.7116534653465347
31.5	2.7116534653465347
32.0	2.7116534653465347
32.5	2.7072434017595306
33.0	2.7072434017595306
33.5	2.7072434017595306
34.0	2.7072434017595306
34.5	2.7072434017595306
35.0	2.7072434017595306
35.5	2.703691808118081
36.0	2.703691808118081
36.5	2.703691808118081
37.0	2.703691808118081
37.5	2.703691808118081
38.0	2.703691808118081
38.5	2.703691808118081
39.0	2.703691808118081
39.5	2.703691808118081
40.0	2.703691808118081
40.5	2.703691808118081
41.0	2.703691808118081
41.5	2.703691808118081
42	2.700612534221426
42.5	2.7005566300606456
43.0	2.7005566300606456
43.5	2.7005566300606456
44.0	2.7005566300606456
44.5	2.7005566300606456
45.0	2.7005566300606456
45.5	2.7005566300606456
46.0	2.7005566300606456
46.5	2.7005566300606456
47.0	2.7005566300606456
47.5	2.7005566300606456
48.0	2.7005566300606456
48.5	2.7123370992366413
49.0	2.7123370992366413
49.5	2.7123370992366413
50.0	2.7123370992366413
50.5	2.7123370992366413
51.0	2.7123370992366413
51.5	2.7123370992366413
52.0	2.7123370992366413
52.5	2.7123370992366413
53.0	2.7123370992366413
53.5	2.7123370992366413
54.0	2.7123370992366413
54.5	2.7123370992366413
55	2.694227357901312
55.5	2.694227357901312
56.0	2.694227357901312
56.5	2.694227357901312
57.0	2.694227357901312
57.5	2.694227357901312
58.0	2.694227357901312
58.5	2.694227357901312
59.0	2.694227357901312
59.5	2.694227357901312
60.0	2.694227357901312
60.5	2.694227357901312
61.0	2.694227357901312
61.5	2.687447957839262
62.0	2.687447957839262
62.5	2.687447957839262
63.0	2.687447957839262
63.5	2.687447957839262
64.0	2.687447957839262
64.5	2.687447957839262
65.0	2.687447957839262
65.5	2.687447957839262
66.0	2.687447957839262
66.5	2.687447957839262
67.0	2.687447957839262
67.5	2.6890403617454846
68	2.689073667953668
68.5	2.689073667953668
69.0	2.689073667953668
69.5	2.689073667953668
70.0	2.689073667953668
70.5	2.689073667953668
71.0	2.689073667953668
71.5	2.689073667953668
72.0	2.689073667953668
72.5	2.689073667953668
73.0	2.689073667953668
73.5	2.689073667953668
74.0	2.689073667953668
74.5	2.659412087912088
75.0	2.659412087912088
75.5	2.659412087912088
76.0	2.659412087912088
76.5	2.659412087912088
77.0	2.659412087912088
77.5	2.7211673151750975
78.0	2.7211673151750975
78.5	2.7211673151750975
79.0	2.7211673151750975
79.5	2.7211673151750975
80	2.6262179191079214
80.5	2.6245184357541897
81.0	2.6245184357541897
81.5	2.6245184357541897
82	2.6287558940877767
82.5	2.6287558940877767
83.0	2.6287558940877767
83.5	2.6287558940877767
84.0	2.6287558940877767
84.5	2.6287558940877767
85	2.723843137254902
85.5	2.723843137254902
86.0	2.723843137254902
86.5	2.723843137254902
87.0	2.723843137254902
87.5	2.723843137254902
88	2.7595887170154687
88.5	2.7595887170154687
89.0	2.7595887170154687
89.5	2.7595887170154687
90.0	2.7595887170154687
90.5	2.6798842975206614
91.0	2.6798842975206614
91.5	2.6798842975206614
92.0	2.6798842975206614
92.5	2.6798842975206614
93.0	2.6798842975206614
93.5	2.610865551839465
94.0	2.610865551839465
94.5	2.610865551839465
95.0	2.610865551839465
95.5	2.610865551839465
96.0	2.610865551839465
96.5	2.5908164627363734
97.0	2.5908164627363734
97.5	2.5908164627363734
98.0	2.5908164627363734
98.5	2.5908164627363734
99.0	2.5908164627363734
99.5	2.5796027027027026
100.0	2.5796027027027026
100.5	2.5796027027027026
101.0	2.5796027027027026
101.5	2.5796027027027026
102.0	2.5796027027027026
102.5	2.587900584795322
103.0	2.587900584795322
103.5	2.587900584795322
104.0	2.587900584795322
104.5	2.587900584795322
105.0	2.587900584795322
105.5	2.646208306709265
106.0	2.646208306709265
106.5	2.646208306709265
107.0	2.646208306709265
107.5	2.646208306709265
108.0	2.646208306709265
108.5	2.647032570138665
109.0	2.647032570138665
109.5	2.647032570138665
110.0	2.647032570138665
110.5	2.647032570138665
111.0	2.647032570138665
111.5	2.648680817059037
112	2.6487323746054017
112.5	2.6487323746054017
113.0	2.6487323746054017
113.5	2.6487323746054017
114.0	2.6487323746054017
114.5	2.6470610134436403
115.0	2.6470610134436403
115.5	2.6470610134436403
116.0	2.6470610134436403
116.5	2.6470610134436403
117.0	2.6470610134436403
117.5	2.6470610134436403
118.0	2.6470610134436403
118.5	2.6470610134436403
119.0	2.6470610134436403
119.5	2.6470610134436403
120.0	2.6470610134436403
120.5	2.6647643865363735
121.0	2.6647643865363735
121.5	2.6647643865363735
122.0	2.6647643865363735
122.5	2.6647643865363735
123.0	2.6647643865363735
123.5	2.6647643865363735
124.0	2.6647643865363735
124.5	2.6647643865363735
125.0	2.6647643865363735
125.5	2.6647643865363735
126.0	2.6647643865363735
126.5	2.6647643865363735
127	2.6925804416403785
127.5	2.6925804416403785
128.0	2.6925804416403785
128.5	2.6925804416403785
129.0	2.6925804416403785
129.5	2.6925804416403785
130.0	2.6925804416403785
130.5	2.6925804416403785
131.0	2.6925804416403785
131.5	2.6925804416403785
132.0	2.6925804416403785
132.5	2.6925804416403785
133.0	2.6925804416403785
133.5	2.411370786516854
134.0	2.411370786516854
134.5	2.411370786516854
135.0	2.411370786516854
135.5	2.411370786516854
136.0	2.411370786516854
136.5	2.411370786516854
137.0	2.411370786516854
137.5	2.411370786516854
138.0	2.411370786516854
138.5	2.411370786516854
139.0	2.411370786516854
139.5	2.411370786516854
140.0	2.411370786516854
140.5	2.304676595163274
141.0	2.304676595163274
141.5	2.304676595163274
142.0	2.304676595163274
142.5	2.304676595163274
143.0	2.304676595163274
143.5	2.304676595163274
144.0	2.304676595163274
144.5	2.304676595163274
145.0	2.304676595163274
145.5	2.304676595163274
146.0	2.304676595163274
146.5	2.304676595163274
147.0	2.304676595163274
147.5	2.304676595163274
148	2.3109422073950117
148.5	2.311172491544532
149.0	2.311172491544532
149.5	2.311172491544532
150.0	2.311172491544532
150.5	2.311172491544532
151.0	2.311172491544532
151.5	2.311172491544532
152	1.9971943661971832
152.5	1.9971943661971832
153.0	1.9971943661971832
153.5	1.9971943661971832
154.0	1.9971943661971832
154.5	1.9971943661971832
155.0	1.9971943661971832
155.5	2.5809128850612786
156.0	2.5809128850612786
156.5	2.5809128850612786
157.0	2.5809128850612786
157.5	2.5809128850612786
158.0	2.5809128850612786
158.5	2.671292479108635
159.0	2.671292479108635
159.5	2.671292479108635
160.0	2.671292479108635
160.5	2.671292479108635
161.0	2.671292479108635
161.5	2.409233977307574
162.0	2.409233977307574
162.5	2.409233977307574
163.0	2.409233977307574
163.5	2.409233977307574
164.0	2.409233977307574
164.5	2.3722510852106247
165	2.371820128479657
165.5	2.371820128479657
166.0	2.371820128479657
166.5	2.371820128479657
167.0	2.371820128479657
167.5	2.371614711033275
168.0	2.371614711033275
168.5	2.371614711033275
169.0	2.371614711033275
169.5	2.371614711033275
170.0	2.371614711033275
170.5	2.3740336967294353
171.0	2.3740336967294353
171.5	2.3740336967294353
172.0	2.3740336967294353
