0	1.898704960835509
0.5	1.898704960835509
1	1.9177812018489986
1.5	1.9177812018489986
2	1.9191355060034305
2.5	1.9189135802469137
3	1.9043972218809386
3.5	1.9032547307132461
4	1.8678122996211017
4.5	1.8678122996211017
5.0	1.8678122996211017
5.5	1.8678122996211017
6.0	1.8678122996211017
6.5	1.8678122996211017
7.0	1.8678122996211017
7.5	1.586882803943045
8.0	1.586882803943045
8.5	1.586882803943045
9.0	1.586882803943045
9.5	1.586882803943045
10.0	1.586882803943045
10.5	1.586882803943045
11.0	1.586882803943045
11.5	1.586882803943045
12	1.282115737415622
12.5	1.2729026256564142
13.0	1.2729026256564142
13.5	1.2729026256564142
14.0	1.2729026256564142
14.5	1.2729026256564142
15.0	1.2729026256564142
15.5	1.2729026256564142
16.0	1.2729026256564142
16.5	1.2729026256564142
17.0	1.2729026256564142
17.5	1.2729026256564142
18.0	1.2729026256564142
18.5	1.2729026256564142
19	1.8499631236442518
19.5	1.8499631236442518
20.0	1.8499631236442518
20.5	1.8499631236442518
21.0	1.8499631236442518
21.5	1.8499631236442518
22.0	1.8499631236442518
22.5	1.8499631236442518
23	2.672187134502924
23.5	2.672187134502924
24.0	2.672187134502924
24.5	2.672187134502924
25.0	2.672187134502924
25.5	2.25646818727491
26.0	2.25646818727491
26.5	2.25646818727491
27.0	2.25646818727491
27.5	2.25646818727491
28.0	2.25646818727491
28.5	2.25646818727491
29	1.972963440860215
29.5	1.972963440860215
30.0	1.972963440860215
30.5	1.972963440860215
31.0	1.972963440860215
31.5	1.972963440860215
32.0	1.972963440860215
32.5	1.972963440860215
33	2.212914986853637
33.5	2.212914986853637
34.0	2.212914986853637
34.5	2.212914986853637
35.0	2.212914986853637
35.5	2.212914986853637
36.0	2.212914986853637
36.5	2.1458674948240164
37.0	2.1458674948240164
37.5	2.1458674948240164
38.0	2.1458674948240164
38.5	2.1458674948240164
39.0	2.1458674948240164
39.5	2.1458674948240164
40.0	2.1458674948240164
40.5	1.9270149516270887
41.0	1.9270149516270887
41.5	1.9270149516270887
42.0	1.9270149516270887
42.5	1.9270149516270887
43.0	1.9270149516270887
43.5	1.9270149516270887
44	1.9257783572359846
44.5	1.9257783572359846
45.0	1.9257783572359846
45.5	1.9257783572359846
46.0	1.9257783572359846
46.5	1.9257783572359846
47.0	1.9257783572359846
47.5	1.9257783572359846
48	2.0907250608272507
48.5	2.0907250608272507
49.0	2.0907250608272507
49.5	2.0907250608272507
50.0	2.0907250608272507
50.5	2.0907250608272507
51.0	2.0907250608272507
51.5	2.235601664322736
52	2.2394791403286978
52.5	2.2394791403286978
53.0	2.2394791403286978
53.5	2.2394791403286978
54.0	2.2394791403286978
54.5	2.2394791403286978
55	2.2403356960589735
55.5	2.2403356960589735
56.0	2.2403356960589735
56.5	2.2403356960589735
57.0	2.2403356960589735
57.5	2.2403356960589735
58.0	2.2403356960589735
58.5	2.7199263894000736
59.0	2.7199263894000736
59.5	2.7199263894000736
60.0	2.7199263894000736
60.5	2.7199263894000736
61.0	2.7199263894000736
61.5	2.7582490332559937
62.0	2.7582490332559937
62.5	2.7582490332559937
63.0	2.7582490332559937
63.5	2.7582490332559937
64	2.7390136200716846
64.5	2.7390136200716846
65.0	2.7390136200716846
65.5	2.7390136200716846
66.0	2.7390136200716846
66.5	2.7390136200716846
67	2.311703880597015
67.5	2.311703880597015
68.0	2.311703880597015
68.5	2.311703880597015
69.0	2.311703880597015
69.5	2.311703880597015
70.0	2.311703880597015
70.5	2.3118677685950417
71.0	2.3118677685950417
71.5	2.3118677685950417
72.0	2.3118677685950417
72.5	2.3118677685950417
73.0	2.3118677685950417
73.5	3.0765773019271947
74.0	3.0765773019271947
74.5	3.0765773019271947
75.0	3.0765773019271947
75.5	3.0765773019271947
76	3.7281275720164606
76.5	3.7281275720164606
77.0	3.7281275720164606
77.5	3.7281275720164606
78	3.328939378148341
78.5	3.328939378148341
79.0	3.328939378148341
79.5	3.328939378148341
80.0	3.328939378148341
80.5	3.328939378148341
81.0	3.328939378148341
81.5	3.328939378148341
82.0	3.328939378148341
82.5	3.328939378148341
83.0	3.328939378148341
83.5	3.328939378148341
84	2.918310025897151
84.5	2.918310025897151
85.0	2.918310025897151
85.5	2.918310025897151
86.0	2.918310025897151
86.5	2.918310025897151
87.0	2.918310025897151
87.5	2.918310025897151
88.0	2.918310025897151
88.5	2.918310025897151
89.0	2.918310025897151
89.5	2.547272076372315
90.0	2.547272076372315
90.5	2.547272076372315
91.0	2.547272076372315
91.5	2.547272076372315
92.0	2.547272076372315
92.5	2.547272076372315
93.0	2.547272076372315
93.5	2.547272076372315
94.0	2.547272076372315
94.5	2.547272076372315
95.0	2.547272076372315
95.5	2.547272076372315
96	2.5438025271818985
96.5	2.5438025271818985
97.0	2.5438025271818985
97.5	2.5438025271818985
98.0	2.5438025271818985
98.5	2.5438025271818985
99.0	2.5438025271818985
99.5	2.5438025271818985
100.0	2.5438025271818985
100.5	2.5438025271818985
101.0	2.5438025271818985
101.5	2.5438025271818985
102.0	2.5438025271818985
102.5	2.5438025271818985
103	2.5353245350929816
103.5	2.5353245350929816
104.0	2.5353245350929816
104.5	2.5353245350929816
105.0	2.5353245350929816
105.5	2.5353245350929816
106.0	2.5353245350929816
106.5	2.5353245350929816
107.0	2.5353245350929816
107.5	2.5353245350929816
108.0	2.5353245350929816
108.5	2.5353245350929816
109.0	2.5353245350929816
109.5	1.8085804495247033
110	1.79255894673848
110.5	1.79255894673848
111.0	1.79255894673848
111.5	1.79255894673848
112.0	1.79255894673848
112.5	1.79255894673848
113.0	1.79255894673848
113.5	1.79255894673848
114.0	1.79255894673848
114.5	1.79255894673848
115.0	1.79255894673848
115.5	1.79255894673848
116.0	1.79255894673848
116.5	1.7948025348542458
117.0	1.7948025348542458
117.5	1.7948025348542458
118.0	1.7948025348542458
118.5	1.7948025348542458
119.0	1.7948025348542458
119.5	1.7948025348542458
120.0	1.7948025348542458
120.5	1.6587351485148516
121.0	1.6587351485148516
121.5	1.6587351485148516
122.0	1.6587351485148516
122.5	1.6587351485148516
123.0	1.6587351485148516
123.5	1.6587351485148516
124	1.9280810055865922
124.5	1.9280810055865922
125.0	1.9280810055865922
125.5	1.9280810055865922
126.0	1.9280810055865922
126.5	1.9280810055865922
127	2.5213809682804675
127.5	2.5213809682804675
128.0	2.5213809682804675
128.5	2.5213809682804675
129.0	2.5213809682804675
129.5	2.5213809682804675
130	1.8167277258566978
130.5	1.8167277258566978
131.0	1.8167277258566978
131.5	1.8167277258566978
132.0	1.8167277258566978
132.5	1.8167277258566978
133.0	1.8167277258566978
133.5	1.804975
134.0	1.804975
134.5	1.804975
135.0	1.804975
135.5	1.804975
136.0	1.804975
136.5	1.804975
137.0	1.804975
137.5	1.747012737322759
138.0	1.747012737322759
138.5	1.747012737322759
139.0	1.747012737322759
139.5	1.747012737322759
140.0	1.747012737322759
140.5	1.747012737322759
141.0	1.747012737322759
141.5	1.817707530083089
142	1.8184211040547142
142.5	1.8184211040547142
143.0	1.8184211040547142
143.5	1.8184211040547142
144.0	1.8184211040547142
144.5	1.8184211040547142
145.0	1.8184211040547142
145.5	1.8184211040547142
146	1.8406861431251675
146.5	1.8406861431251675
147.0	1.8406861431251675
147.5	1.8406861431251675
148.0	1.8406861431251675
148.5	1.8406861431251675
149.0	1.8406861431251675
149.5	1.8406861431251675
150	2.0717635169277413
150.5	2.0717635169277413
151.0	2.0717635169277413
151.5	2.0717635169277413
152.0	2.0717635169277413
152.5	2.0717635169277413
153.0	2.0717635169277413
153.5	2.0717635169277413
154	2.5568121168409665
154.5	2.5568121168409665
155.0	2.5568121168409665
155.5	2.5568121168409665
156.0	2.5568121168409665
156.5	3.3111924461296236
157	3.344109871244635
157.5	3.344109871244635
158.0	3.344109871244635
158.5	3.344109871244635
159	3.2982278949096315
159.5	3.2969282337773955
160.0	3.2969282337773955
160.5	3.2969282337773955
161.0	3.2969282337773955
161.5	2.685069036226931
162.0	2.685069036226931
162.5	2.685069036226931
163.0	2.685069036226931
163.5	2.685069036226931
164.0	2.685069036226931
164.5	2.3172384937238495
165.0	2.3172384937238495
165.5	2.3172384937238495
166.0	2.3172384937238495
166.5	2.3172384937238495
167.0	2.3172384937238495
167.5	1.9746165062700496
168.0	1.9746165062700496
168.5	1.9746165062700496
169.0	1.9746165062700496
169.5	1.9746165062700496
170.0	1.9746165062700496
170.5	1.9746165062700496
171	2.686932136848009
171.5	2.686932136848009
172.0	2.686932136848009
172.5	2.686932136848009
