0	3.729251282051282
0.5	3.735834588249046
1	3.741993311036789
1.5	3.667673860911271
2.0	3.667673860911271
2.5	3.6652575438596493
3.0	3.6652575438596493
3.5	3.6652575438596493
4	3.682820809248555
4.5	3.6788735455986044
5	3.6781434159061277
5.5	3.6521291433491174
6.0	3.6521291433491174
6.5	3.6521291433491174
7.0	3.6521291433491174
7.5	3.6521291433491174
8	3.2542552938848206
8.5	3.2542552938848206
9.0	3.2542552938848206
9.5	3.2542552938848206
10.0	3.2542552938848206
10.5	3.2542552938848206
11.0	3.2542552938848206
11.5	3.2542552938848206
12.0	3.2542552938848206
12.5	3.2542552938848206
13	3.490969221484611
13.5	3.490969221484611
14.0	3.490969221484611
14.5	3.490969221484611
15.0	3.490969221484611
15.5	3.490969221484611
16.0	3.490969221484611
16.5	3.490969221484611
17.0	3.490969221484611
17.5	3.490969221484611
18	3.481365536858809
18.5	3.4811163163163164
19.0	3.4811163163163164
19.5	3.4811163163163164
20.0	3.4811163163163164
20.5	3.4811163163163164
21.0	3.4811163163163164
21.5	3.4811163163163164
22.0	3.4811163163163164
22.5	3.4811163163163164
23.0	3.4811163163163164
23.5	3.3545305145592343
24.0	3.3545305145592343
24.5	3.3545305145592343
25.0	3.3545305145592343
25.5	3.3545305145592343
26.0	3.3545305145592343
26.5	3.3545305145592343
27.0	3.3545305145592343
27.5	3.3545305145592343
28.0	3.3545305145592343
28.5	3.5365554221688678
29.0	3.5365554221688678
29.5	3.5365554221688678
30.0	3.5365554221688678
30.5	3.5365554221688678
31.0	3.5365554221688678
31.5	3.5365554221688678
32.0	3.5365554221688678
32.5	3.5365554221688678
33.0	3.5365554221688678
33.5	3.568517545579298
34.0	3.568517545579298
34.5	3.568517545579298
35.0	3.568517545579298
35.5	3.568517545579298
36.0	3.568517545579298
36.5	3.568517545579298
37.0	3.568517545579298
37.5	3.568517545579298
38.0	3.568517545579298
38.5	3.4655346307036132
39	3.4635561312607948
39.5	3.4635561312607948
40.0	3.4635561312607948
40.5	3.4635561312607948
41.0	3.4635561312607948
41.5	3.4635561312607948
42.0	3.4635561312607948
42.5	3.4635561312607948
43.0	3.4635561312607948
43.5	3.4907488343807014
44.0	3.4907488343807014
44.5	3.4907488343807014
45.0	3.4907488343807014
45.5	3.4907488343807014
46.0	3.4907488343807014
46.5	3.4907488343807014
47.0	3.4907488343807014
47.5	3.4907488343807014
48.0	3.4907488343807014
48.5	3.5017228063467787
49.0	3.5017228063467787
49.5	3.5017228063467787
50.0	3.5017228063467787
50.5	3.5017228063467787
51.0	3.5017228063467787
51.5	3.5017228063467787
52.0	3.5017228063467787
52.5	3.5017228063467787
53.0	3.5017228063467787
53.5	3.5017228063467787
54	3.5152754427138895
54.5	3.5152754427138895
55.0	3.5152754427138895
55.5	3.5152754427138895
56.0	3.5152754427138895
56.5	3.5152754427138895
57.0	3.5152754427138895
57.5	3.5152754427138895
58.0	3.5152754427138895
58.5	3.553171922044698
59	3.5541179190751446
59.5	3.5541179190751446
60.0	3.5541179190751446
60.5	3.5541179190751446
61.0	3.5541179190751446
61.5	3.5541179190751446
62	3.6165454801558083
62.5	3.6172491434165446
63.0	3.6172491434165446
63.5	3.6172491434165446
64.0	3.6172491434165446
64.5	3.61181584772023
65.0	3.61181584772023
65.5	3.61181584772023
66.0	3.61181584772023
66.5	3.61181584772023
67.0	3.61181584772023
67.5	3.61181584772023
68.0	3.61181584772023
68.5	3.61181584772023
69	3.6579310924369746
69.5	3.6579310924369746
70.0	3.6579310924369746
70.5	3.6579310924369746
71.0	3.6579310924369746
71.5	3.6579310924369746
72.0	3.6579310924369746
72.5	3.6579310924369746
73.0	3.6579310924369746
73.5	3.690776380075919
74	3.6917424179476526
74.5	3.6917424179476526
75.0	3.6917424179476526
75.5	3.6917424179476526
76.0	3.6917424179476526
76.5	3.6917424179476526
77.0	3.6917424179476526
77.5	3.6917424179476526
78.0	3.6917424179476526
78.5	3.759691339819454
79	3.7609475620975164
79.5	3.7609475620975164
80.0	3.7609475620975164
80.5	3.7609475620975164
81.0	3.7609475620975164
81.5	3.7609475620975164
82.0	3.7609475620975164
82.5	3.7609475620975164
83	3.553589274832419
83.5	3.553589274832419
84.0	3.553589274832419
84.5	3.553589274832419
85.0	3.553589274832419
85.5	3.553589274832419
86.0	3.553589274832419
86.5	3.553589274832419
87.0	3.553589274832419
87.5	3.553589274832419
88	3.433955349376631
88.5	3.433955349376631
89.0	3.433955349376631
89.5	3.433955349376631
90.0	3.433955349376631
90.5	3.433955349376631
91.0	3.433955349376631
91.5	3.4561765650080254
92.0	3.4561765650080254
92.5	3.4561765650080254
93.0	3.4561765650080254
93.5	3.4561765650080254
94	3.6931586162054124
94.5	3.7212122699386505
95.0	3.7212122699386505
95.5	3.7212122699386505
96	3.718291447682752
96.5	3.718291447682752
97.0	3.718291447682752
97.5	3.718291447682752
98.0	3.718291447682752
98.5	3.720918970448046
99.0	3.720918970448046
99.5	3.720918970448046
100.0	3.720918970448046
100.5	3.702931637519873
101.0	3.702931637519873
101.5	3.702931637519873
102.0	3.702931637519873
102.5	3.623931656383484
103.0	3.623931656383484
103.5	3.623931656383484
104.0	3.623931656383484
104.5	3.612437659555507
105	3.6119085101998762
105.5	3.6119085101998762
106.0	3.6119085101998762
106.5	3.6119085101998762
107.0	3.6119085101998762
107.5	3.6119085101998762
108.0	3.6119085101998762
108.5	3.6119085101998762
109.0	3.6119085101998762
109.5	3.724366449511401
110.0	3.724366449511401
110.5	3.724366449511401
111.0	3.724366449511401
111.5	3.724366449511401
112.0	3.724366449511401
112.5	3.724366449511401
113.0	3.724366449511401
113.5	3.724366449511401
114.0	3.724366449511401
114.5	3.74336901865369
115.0	3.74336901865369
115.5	3.74336901865369
116.0	3.74336901865369
116.5	3.74336901865369
117.0	3.74336901865369
117.5	3.74336901865369
118.0	3.74336901865369
118.5	3.74336901865369
119.0	3.74336901865369
119.5	3.7670951021304635
120.0	3.7670951021304635
120.5	3.7670951021304635
121.0	3.7670951021304635
121.5	3.7670951021304635
122.0	3.7670951021304635
122.5	3.7670951021304635
123.0	3.7670951021304635
123.5	3.7670951021304635
124	3.767961426151418
124.5	3.7679705593719333
125.0	3.7679705593719333
125.5	3.7679705593719333
126.0	3.7679705593719333
126.5	3.7679705593719333
127.0	3.7679705593719333
127.5	3.7679705593719333
128.0	3.7679705593719333
128.5	3.7666599429949574
129.0	3.7666599429949574
129.5	3.7666599429949574
130.0	3.7666599429949574
130.5	3.7666599429949574
131.0	3.7666599429949574
131.5	3.7666599429949574
132.0	3.7666599429949574
132.5	3.7666599429949574
133	3.682260569456428
133.5	3.682260569456428
134.0	3.682260569456428
134.5	3.682260569456428
135.0	3.682260569456428
135.5	3.682260569456428
136.0	3.682260569456428
136.5	3.682260569456428
137.0	3.682260569456428
137.5	3.6610743868126407
138	3.6607590618336885
138.5	3.6607590618336885
139.0	3.6607590618336885
139.5	3.6607590618336885
140.0	3.6607590618336885
140.5	3.6607590618336885
141.0	3.6607590618336885
141.5	3.6607590618336885
142.0	3.6607590618336885
142.5	3.746395114997407
143	3.7517633451957293
143.5	3.7517633451957293
144.0	3.7517633451957293
144.5	3.7517633451957293
145.0	3.7517633451957293
145.5	3.7517633451957293
146.0	3.7517633451957293
146.5	3.7517633451957293
147	3.7708851505029335
147.5	3.7713785066896848
148.0	3.7713785066896848
148.5	3.7713785066896848
149.0	3.7713785066896848
149.5	3.7713785066896848
150.0	3.7713785066896848
150.5	3.7713785066896848
151.0	3.7713785066896848
151.5	3.7713785066896848
152	3.7925433422698838
152.5	3.7925433422698838
153.0	3.7925433422698838
153.5	3.7925433422698838
154.0	3.7925433422698838
154.5	3.7925433422698838
155.0	3.7925433422698838
155.5	3.7925433422698838
156.0	3.7925433422698838
156.5	3.7476917880515095
157.0	3.7476917880515095
157.5	3.7476917880515095
158.0	3.7476917880515095
158.5	3.7476917880515095
159.0	3.7476917880515095
159.5	3.7476917880515095
160.0	3.7476917880515095
160.5	3.7476917880515095
161.0	3.7476917880515095
161.5	3.7361758241758243
162.0	3.7361758241758243
162.5	3.7361758241758243
163.0	3.7361758241758243
163.5	3.7361758241758243
164.0	3.7361758241758243
164.5	3.7361758241758243
165.0	3.7361758241758243
165.5	3.7361758241758243
166	3.9867009760425907
166.5	3.9867009760425907
167.0	3.9867009760425907
167.5	3.9867009760425907
168.0	3.9867009760425907
168.5	3.9867009760425907
169.0	3.9867009760425907
169.5	3.9867009760425907
170.0	3.9867009760425907
170.5	3.835032999266683
171.0	3.835032999266683
171.5	3.835032999266683
172.0	3.835032999266683
172.5	3.835032999266683
173.0	3.835032999266683
173.5	3.835032999266683
174.0	3.835032999266683
174.5	3.835032999266683
175	3.626440050483803
175.5	3.626440050483803
176.0	3.626440050483803
176.5	3.626440050483803
177.0	3.626440050483803
177.5	3.626440050483803
178.0	3.626440050483803
178.5	3.626440050483803
179.0	3.626440050483803
179.5	3.702151065203357
180.0	3.702151065203357
180.5	3.702151065203357
181.0	3.702151065203357
181.5	3.702151065203357
182.0	3.702151065203357
182.5	3.702151065203357
