0	4.096923943661972
0.5	4.086545944137144
1	4.02647247706422
1.5	4.02647247706422
2.0	4.02647247706422
2.5	4.02647247706422
3	4.024909973045822
3.5	4.024909973045822
4.0	4.024909973045822
4.5	4.024909973045822
5	4.031340748230536
5.5	4.031340748230536
6.0	4.031340748230536
6.5	4.031340748230536
7	4.02289014438167
7.5	4.02289014438167
8.0	4.02289014438167
8.5	3.9650355774493704
9.0	3.9650355774493704
9.5	3.9650355774493704
10.0	3.9650355774493704
10.5	3.860382638010957
11.0	3.860382638010957
11.5	3.860382638010957
12.0	3.860382638010957
12.5	3.860382638010957
13.0	3.860382638010957
13.5	3.860382638010957
14.0	3.860382638010957
14.5	3.860382638010957
15.0	3.860382638010957
15.5	3.814370679656692
16.0	3.814370679656692
16.5	3.814370679656692
17.0	3.814370679656692
17.5	3.814370679656692
18.0	3.814370679656692
18.5	3.814370679656692
19.0	3.814370679656692
19.5	3.8479664336033443
20	3.84866001330672
20.5	3.84866001330672
21.0	3.84866001330672
21.5	3.84866001330672
22.0	3.84866001330672
22.5	3.84866001330672
23.0	3.84866001330672
23.5	3.84866001330672
24.0	3.84866001330672
24.5	3.911850618672666
25.0	3.911850618672666
25.5	3.911850618672666
26.0	3.911850618672666
26.5	3.911850618672666
27.0	3.911850618672666
27.5	3.911850618672666
28.0	3.911850618672666
28.5	3.911850618672666
29	3.8174344076259645
29.5	3.8174344076259645
30.0	3.8174344076259645
30.5	3.8174344076259645
31.0	3.8174344076259645
31.5	3.8174344076259645
32.0	3.8174344076259645
32.5	3.8174344076259645
33.0	3.8174344076259645
33.5	3.851755066463282
34.0	3.851755066463282
34.5	3.851755066463282
35.0	3.851755066463282
35.5	3.851755066463282
36.0	3.851755066463282
36.5	3.851755066463282
37.0	3.851755066463282
37.5	3.851755066463282
38	3.877930975713677
38.5	3.877930975713677
39.0	3.877930975713677
39.5	3.877930975713677
40.0	3.877930975713677
40.5	3.877930975713677
41.0	3.877930975713677
41.5	3.877930975713677
42.0	3.877930975713677
42.5	3.877930975713677
43	3.8704926417370324
43.5	3.8704926417370324
44.0	3.8704926417370324
44.5	3.8704926417370324
45.0	3.8704926417370324
45.5	3.8704926417370324
46.0	3.8704926417370324
46.5	3.8704926417370324
47	3.8444098393320196
47.5	3.842861861191698
48.0	3.842861861191698
48.5	3.842861861191698
49.0	3.842861861191698
49.5	3.842861861191698
50.0	3.842861861191698
50.5	3.842861861191698
51.0	3.842861861191698
51.5	3.7449274237348815
52	3.7420862104187944
52.5	3.7420862104187944
53.0	3.7420862104187944
53.5	3.7420862104187944
54.0	3.7420862104187944
54.5	3.7420862104187944
55.0	3.7420862104187944
55.5	3.7420862104187944
56.0	3.7420862104187944
56.5	3.7420862104187944
57	3.7599488817891373
57.5	3.7599488817891373
58.0	3.7599488817891373
58.5	3.7599488817891373
59.0	3.7599488817891373
59.5	3.7599488817891373
60.0	3.7599488817891373
60.5	3.7599488817891373
61	3.780996739750601
61.5	3.781568326947637
62.0	3.781568326947637
62.5	3.781568326947637
63.0	3.781568326947637
63.5	3.781568326947637
64.0	3.781568326947637
64.5	3.781568326947637
65.0	3.781568326947637
65.5	3.781568326947637
66	3.8316304685765044
66.5	3.8316304685765044
67.0	3.8316304685765044
67.5	3.8316304685765044
68.0	3.8316304685765044
68.5	3.8316304685765044
69.0	3.8316304685765044
69.5	3.8316304685765044
70.0	3.8316304685765044
70.5	3.8482662528399745
71	3.8486283018867926
71.5	3.8486283018867926
72.0	3.8486283018867926
72.5	3.8486283018867926
73.0	3.8486283018867926
73.5	3.8486283018867926
74.0	3.8486283018867926
74.5	3.8486283018867926
75	3.8589875886524823
75.5	3.8589875886524823
76.0	3.8589875886524823
76.5	3.8589875886524823
77.0	3.8589875886524823
77.5	3.8589875886524823
78.0	3.8589875886524823
78.5	3.8589875886524823
79.0	3.8589875886524823
79.5	3.8413730158730157
80.0	3.8413730158730157
80.5	3.8413730158730157
81.0	3.8413730158730157
81.5	3.904275246521364
82	3.906927374301676
82.5	3.906927374301676
83.0	3.906927374301676
83.5	3.908491838955386
84.0	3.908491838955386
84.5	3.908491838955386
85.0	3.908491838955386
85.5	3.8305919661733614
86.0	3.8305919661733614
86.5	3.8305919661733614
87.0	3.8305919661733614
87.5	3.8143454384410984
88.0	3.8143454384410984
88.5	3.8143454384410984
89.0	3.8143454384410984
89.5	3.8143454384410984
90	3.8931810012836974
90.5	3.8931810012836974
91.0	3.8931810012836974
91.5	3.8600614828209765
92.0	3.8600614828209765
92.5	3.8600614828209765
93.0	3.8600614828209765
93.5	3.8600614828209765
94.0	3.8600614828209765
94.5	3.8600614828209765
95.0	3.8600614828209765
95.5	3.8600614828209765
96	3.842237017310253
96.5	3.842237017310253
97.0	3.842237017310253
97.5	3.842237017310253
98.0	3.842237017310253
98.5	3.842237017310253
99.0	3.842237017310253
99.5	3.842237017310253
100.0	3.842237017310253
100.5	3.856191605839416
101.0	3.856191605839416
101.5	3.856191605839416
102.0	3.856191605839416
102.5	3.856191605839416
103.0	3.856191605839416
103.5	3.856191605839416
104.0	3.856191605839416
104.5	3.856191605839416
105	3.8192522782840634
105.5	3.8192522782840634
106.0	3.8192522782840634
106.5	3.8192522782840634
107.0	3.8192522782840634
107.5	3.8192522782840634
108.0	3.8192522782840634
108.5	3.8192522782840634
109.0	3.8192522782840634
109.5	3.857524647887324
110.0	3.857524647887324
110.5	3.857524647887324
111.0	3.857524647887324
111.5	3.857524647887324
112.0	3.857524647887324
112.5	3.857524647887324
113.0	3.857524647887324
113.5	3.857524647887324
114	3.7456377749132566
114.5	3.744185018419975
115.0	3.744185018419975
115.5	3.744185018419975
116.0	3.744185018419975
116.5	3.744185018419975
117.0	3.744185018419975
117.5	3.744185018419975
118.0	3.744185018419975
118.5	3.744185018419975
119	3.6291418539336266
119.5	3.6264576703987426
120.0	3.6264576703987426
120.5	3.6264576703987426
121.0	3.6264576703987426
121.5	3.6264576703987426
122.0	3.6264576703987426
122.5	3.6264576703987426
123.0	3.6264576703987426
123.5	3.6264576703987426
124.0	3.6264576703987426
124.5	3.5829504909128893
125.0	3.5829504909128893
125.5	3.5829504909128893
126.0	3.5829504909128893
126.5	3.5829504909128893
127.0	3.5829504909128893
127.5	3.5829504909128893
128.0	3.5829504909128893
128.5	3.5829504909128893
129.0	3.5829504909128893
129.5	3.7940335968379446
130.0	3.7940335968379446
130.5	3.7940335968379446
131.0	3.7940335968379446
131.5	3.7940335968379446
132.0	3.7940335968379446
132.5	3.7940335968379446
133.0	3.7940335968379446
133.5	3.9000535754824064
134.0	3.9000535754824064
134.5	3.9000535754824064
135.0	3.9000535754824064
135.5	3.9000535754824064
136.0	3.9000535754824064
136.5	3.9000535754824064
137.0	3.9000535754824064
137.5	3.9000535754824064
138	3.7826191003766896
138.5	3.7826191003766896
139.0	3.7826191003766896
139.5	3.7826191003766896
140.0	3.7826191003766896
140.5	3.7826191003766896
141.0	3.7826191003766896
141.5	3.7826191003766896
142.0	3.7826191003766896
142.5	3.8415145890692273
143	3.8426499552372424
143.5	3.8426499552372424
144.0	3.8426499552372424
144.5	3.8426499552372424
145.0	3.8426499552372424
145.5	3.8426499552372424
146.0	3.8426499552372424
146.5	3.8426499552372424
147	3.8697652366786697
147.5	3.8705663148233134
148.0	3.8705663148233134
148.5	3.8705663148233134
149.0	3.8705663148233134
149.5	3.8705663148233134
150.0	3.8705663148233134
150.5	3.8705663148233134
151.0	3.8705663148233134
151.5	3.856710947950704
152	3.856259488084731
152.5	3.856259488084731
153.0	3.856259488084731
153.5	3.856259488084731
154.0	3.856259488084731
154.5	3.856259488084731
155.0	3.856259488084731
155.5	3.856259488084731
156.0	3.856259488084731
156.5	3.837121157323689
157.0	3.837121157323689
157.5	3.837121157323689
158.0	3.837121157323689
158.5	3.837121157323689
159.0	3.837121157323689
159.5	3.837121157323689
160.0	3.837121157323689
160.5	3.837121157323689
161	3.7595967810249893
161.5	3.7595967810249893
162.0	3.7595967810249893
162.5	3.7595967810249893
163.0	3.7595967810249893
163.5	3.7595967810249893
164.0	3.7595967810249893
164.5	3.7595967810249893
165.0	3.7595967810249893
165.5	3.851423112579363
166	3.853037171350861
166.5	3.853037171350861
167.0	3.853037171350861
167.5	3.853037171350861
168.0	3.853037171350861
168.5	3.853037171350861
169.0	3.853037171350861
169.5	3.853037171350861
170	3.840935494226099
170.5	3.8401811965811965
171.0	3.8401811965811965
171.5	3.8401811965811965
172.0	3.8401811965811965
172.5	3.8401811965811965
173.0	3.8401811965811965
173.5	3.8401811965811965
174.0	3.8401811965811965
174.5	3.8401811965811965
175	3.6513737694928463
175.5	3.6460887752730655
176.0	3.6460887752730655
176.5	3.6460887752730655
177.0	3.6460887752730655
177.5	3.6460887752730655
178.0	3.6460887752730655
178.5	3.6460887752730655
179.0	3.6460887752730655
179.5	3.2309025487256373
180.0	3.2309025487256373
180.5	3.2309025487256373
181.0	3.2309025487256373
181.5	3.2309025487256373
182.0	3.2309025487256373
182.5	3.2309025487256373
183.0	3.2309025487256373
183.5	3.2309025487256373
184.0	3.2309025487256373
184.5	3.2309025487256373
185	2.833116499112951
185.5	2.833116499112951
186.0	2.833116499112951
186.5	2.833116499112951
