0	3.4464644549763035
0.5	3.4636627028151756
1	3.4059417475728155
1.5	3.4059417475728155
2	3.402491657397108
2.5	3.402491657397108
3	3.408372670807453
3.5	3.408372670807453
4	3.4069452418926103
4.5	3.4069452418926103
5.0	3.4069452418926103
5.5	3.4069452418926103
6	3.6828266395526184
6.5	3.6828266395526184
7.0	3.6828266395526184
7.5	3.6828266395526184
8	3.0616730422230245
8.5	3.0616730422230245
9.0	3.0616730422230245
9.5	3.0616730422230245
10.0	3.0616730422230245
10.5	3.0616730422230245
11	2.2491795923950213
11.5	2.2491795923950213
12.0	2.2491795923950213
12.5	2.2491795923950213
13.0	2.2491795923950213
13.5	2.2491795923950213
14.0	2.2491795923950213
14.5	2.2491795923950213
15.0	2.2491795923950213
15.5	2.2491795923950213
16.0	2.2491795923950213
16.5	2.2491795923950213
17.0	2.2491795923950213
17.5	2.2491795923950213
18.0	2.2491795923950213
18.5	4.819108025548458
19.0	4.819108025548458
19.5	4.819108025548458
20.0	4.819108025548458
20.5	4.819108025548458
21.0	4.819108025548458
21.5	4.819108025548458
22	4.819339246119734
22.5	4.819339246119734
23.0	4.819339246119734
23.5	4.819339246119734
24.0	4.819339246119734
24.5	4.819339246119734
25.0	4.819339246119734
25.5	4.60593387486498
26	4.600551422319475
26.5	4.600551422319475
27.0	4.600551422319475
27.5	4.600551422319475
28.0	4.600551422319475
28.5	4.600551422319475
29.0	4.600551422319475
29.5	4.623516609992152
30.0	4.623516609992152
30.5	4.623516609992152
31.0	4.623516609992152
31.5	4.623516609992152
32.0	4.623516609992152
32.5	4.623516609992152
33.0	4.623516609992152
33.5	4.367324376199616
34.0	4.367324376199616
34.5	4.367324376199616
35.0	4.367324376199616
35.5	4.367324376199616
36.0	4.367324376199616
36.5	4.367324376199616
37.0	4.367324376199616
37.5	3.196491731420602
38.0	3.196491731420602
38.5	3.196491731420602
39.0	3.196491731420602
39.5	3.196491731420602
40.0	3.196491731420602
40.5	3.196491731420602
41.0	3.196491731420602
41.5	3.196491731420602
42.0	3.196491731420602
42.5	4.409233004253489
43	4.42783851889946
43.5	4.42783851889946
44.0	4.42783851889946
44.5	4.42783851889946
45.0	4.42783851889946
45.5	4.42783851889946
46.0	4.42783851889946
46.5	1.8075481844614587
47	1.602722197917578
47.5	1.602722197917578
48.0	1.602722197917578
48.5	1.602722197917578
49.0	1.602722197917578
49.5	1.602722197917578
50.0	1.602722197917578
50.5	1.602722197917578
51.0	1.602722197917578
51.5	1.602722197917578
52.0	1.602722197917578
52.5	1.602722197917578
53.0	1.602722197917578
53.5	1.602722197917578
54.0	1.602722197917578
54.5	1.602722197917578
55.0	1.602722197917578
55.5	1.602722197917578
56.0	1.602722197917578
56.5	1.602722197917578
57.0	1.602722197917578
57.5	1.602722197917578
58.0	1.602722197917578
58.5	3.296912827781715
59.0	3.296912827781715
59.5	3.296912827781715
60	4.081110933758978
60.5	4.081110933758978
61	3.833942988004332
61.5	3.8230936368339368
62.0	3.8230936368339368
62.5	3.8230936368339368
63	2.774413513621704
63.5	2.740235113330772
64.0	2.740235113330772
64.5	2.740235113330772
65.0	2.740235113330772
65.5	2.740235113330772
66	1.157154451847365
66.5	1.157154451847365
67.0	1.157154451847365
67.5	1.157154451847365
68.0	1.157154451847365
68.5	1.157154451847365
69.0	1.157154451847365
69.5	1.157154451847365
70.0	1.157154451847365
70.5	1.157154451847365
71.0	1.157154451847365
71.5	1.157154451847365
72.0	1.157154451847365
72.5	2.777692969870875
73.0	2.777692969870875
73.5	2.777692969870875
74.0	2.777692969870875
74.5	2.777692969870875
75.0	2.777692969870875
75.5	3.9985134362492856
76.0	3.9985134362492856
76.5	3.9985134362492856
77.0	3.9985134362492856
77.5	3.9733451327433627
78.0	3.9733451327433627
78.5	3.9733451327433627
79	3.9942509678228135
79.5	3.995303197353914
80.0	3.995303197353914
80.5	3.995303197353914
81	2.9072669902912622
81.5	2.9072669902912622
82.0	2.9072669902912622
82.5	2.9072669902912622
83.0	2.9072669902912622
83.5	2.9072669902912622
84.0	2.9072669902912622
84.5	2.9072669902912622
85.0	2.9072669902912622
85.5	2.9072669902912622
86.0	2.9072669902912622
86.5	2.9072669902912622
87.0	2.9072669902912622
87.5	2.9072669902912622
88	2.469304116450149
88.5	2.469304116450149
89.0	2.469304116450149
89.5	2.469304116450149
90.0	2.469304116450149
90.5	2.469304116450149
91.0	2.469304116450149
91.5	2.469304116450149
92.0	2.469304116450149
92.5	2.469304116450149
93.0	2.469304116450149
93.5	2.469304116450149
94.0	2.469304116450149
94.5	3.8299133858267713
95.0	3.8299133858267713
95.5	3.8299133858267713
96.0	3.8299133858267713
96.5	3.2325002070393376
97.0	3.2325002070393376
97.5	3.2325002070393376
98.0	3.2325002070393376
98.5	3.2325002070393376
99	2.684376488666923
99.5	2.684376488666923
100.0	2.684376488666923
100.5	2.684376488666923
101.0	2.684376488666923
101.5	2.3853870665417056
102.0	2.3853870665417056
102.5	2.3853870665417056
103.0	2.3853870665417056
103.5	2.3853870665417056
104.0	2.3853870665417056
104.5	2.3853870665417056
105	2.6769361058601135
105.5	2.6769361058601135
106.0	2.6769361058601135
106.5	2.6769361058601135
107.0	2.6769361058601135
107.5	4.153777331995988
108.0	4.153777331995988
108.5	4.153777331995988
109.0	4.153777331995988
109.5	3.8552412137648053
110	3.8113740710156896
110.5	3.8113740710156896
111.0	3.8113740710156896
111.5	3.8113740710156896
112.0	3.8113740710156896
112.5	3.8113740710156896
113.0	3.8113740710156896
113.5	3.8113740710156896
114.0	3.8113740710156896
114.5	3.8113740710156896
115	3.676652518756699
115.5	3.676652518756699
116.0	3.676652518756699
116.5	3.676652518756699
117.0	3.676652518756699
117.5	3.676652518756699
118.0	3.676652518756699
118.5	3.676652518756699
119.0	3.676652518756699
119.5	3.8482204961162614
120.0	3.8482204961162614
120.5	3.8482204961162614
121.0	3.8482204961162614
121.5	3.8482204961162614
122.0	3.8482204961162614
122.5	3.8482204961162614
123.0	3.8482204961162614
123.5	2.395723887881746
124.0	2.395723887881746
124.5	2.395723887881746
125.0	2.395723887881746
125.5	2.395723887881746
126.0	2.395723887881746
126.5	2.395723887881746
127.0	2.395723887881746
127.5	2.395723887881746
128.0	2.395723887881746
128.5	2.395723887881746
129.0	2.395723887881746
129.5	2.395723887881746
130.0	2.395723887881746
130.5	2.395723887881746
131	1.8732535937671457
131.5	1.8732535937671457
132.0	1.8732535937671457
132.5	1.8732535937671457
133.0	1.8732535937671457
133.5	1.8732535937671457
134.0	1.8732535937671457
134.5	1.8732535937671457
135.0	1.8732535937671457
135.5	1.8732535937671457
136.0	1.8732535937671457
136.5	1.8732535937671457
137.0	1.8732535937671457
137.5	1.8732535937671457
138.0	1.8732535937671457
138.5	1.8732535937671457
139.0	1.8732535937671457
139.5	1.8732535937671457
140	2.8274272692745916
140.5	2.8274272692745916
141.0	2.8274272692745916
141.5	2.8274272692745916
142.0	2.8274272692745916
142.5	2.8274272692745916
143	2.298393574297189
143.5	2.298393574297189
144.0	2.298393574297189
144.5	2.298393574297189
145.0	2.298393574297189
145.5	2.298393574297189
146	2.287319386331939
146.5	2.287319386331939
147.0	2.287319386331939
147.5	2.287319386331939
148.0	2.287319386331939
148.5	2.287319386331939
149.0	2.287319386331939
149.5	1.8786539480657127
150.0	1.8786539480657127
150.5	1.8786539480657127
151.0	1.8786539480657127
151.5	1.8786539480657127
152.0	1.8786539480657127
152.5	1.8786539480657127
153.0	1.8786539480657127
153.5	1.2371825976500477
154.0	1.2371825976500477
154.5	1.2371825976500477
155.0	1.2371825976500477
155.5	1.2371825976500477
156.0	1.2371825976500477
156.5	1.2371825976500477
157.0	1.2371825976500477
157.5	1.2371825976500477
158.0	1.2371825976500477
158.5	1.2371825976500477
159.0	1.2371825976500477
159.5	1.2371825976500477
160	1.6372069995731968
160.5	1.6372069995731968
161.0	1.6372069995731968
161.5	1.6372069995731968
162.0	1.6372069995731968
162.5	1.6372069995731968
163.0	1.6372069995731968
163.5	1.6372069995731968
164.0	1.6372069995731968
164.5	1.8106369210331184
165	1.814856086856087
165.5	1.814856086856087
166.0	1.814856086856087
166.5	1.814856086856087
167.0	1.814856086856087
167.5	1.814856086856087
168.0	1.814856086856087
168.5	1.814856086856087
169	1.0052700045378915
169.5	1.0052700045378915
170.0	1.0052700045378915
170.5	1.0052700045378915
171.0	1.0052700045378915
171.5	1.0052700045378915
172.0	1.0052700045378915
172.5	1.0052700045378915
173.0	1.0052700045378915
173.5	1.0052700045378915
174.0	1.0052700045378915
174.5	1.0052700045378915
175.0	1.0052700045378915
175.5	1.0052700045378915
176	0.7258747855917667
176.5	0.7258747855917667
177.0	0.7258747855917667
177.5	0.7258747855917667
178.0	0.7258747855917667
178.5	0.7258747855917667
179.0	0.7258747855917667
179.5	0.7258747855917667
180.0	0.7258747855917667
180.5	0.7258747855917667
181.0	0.7258747855917667
181.5	0.7258747855917667
182.0	0.7258747855917667
182.5	0.7258747855917667
183.0	0.7258747855917667
183.5	0.7258747855917667
184.0	0.7258747855917667
184.5	0.7258747855917667
185.0	0.7258747855917667
185.5	1.5122836041358938
186.0	1.5122836041358938
186.5	1.5122836041358938
