0	1.4515049900199601
0.5	1.4515049900199601
1.0	1.4515049900199601
1.5	1.4367041873030166
2.0	1.4367041873030166
2.5	1.4367041873030166
3.0	1.4367041873030166
3.5	2.317804899777283
4.0	2.317804899777283
4.5	2.317804899777283
5.0	2.317804899777283
5.5	2.317804899777283
6.0	2.317804899777283
6.5	2.317804899777283
7.0	2.317804899777283
7.5	2.317804899777283
8	5.577090974760622
8.5	5.635888785912883
9.0	5.635888785912883
9.5	5.635888785912883
10.0	5.635888785912883
10.5	6.611933665008292
11.0	6.611933665008292
11.5	8.27621526831165
12	8.399035386631716
12.5	7.960571428571429
13.0	7.960571428571429
13.5	5.534178734507502
14.0	5.534178734507502
14.5	5.534178734507502
15	3.7542812785388127
15.5	3.7542812785388127
16.0	3.7542812785388127
16.5	3.7542812785388127
17.0	3.7542812785388127
17.5	3.7542812785388127
18.0	3.7542812785388127
18.5	3.7542812785388127
19.0	3.7542812785388127
19.5	3.879635144198524
20.0	3.879635144198524
20.5	3.879635144198524
21.0	3.879635144198524
21.5	3.879635144198524
22.0	3.879635144198524
22.5	3.879635144198524
23.0	3.879635144198524
23.5	3.879635144198524
24	4.583749431388435
24.5	4.602481736368449
25.0	4.602481736368449
25.5	4.602481736368449
26.0	4.602481736368449
26.5	4.602481736368449
27.0	4.602481736368449
27.5	4.602481736368449
28	4.4496338624338625
28.5	4.4496338624338625
29.0	4.4496338624338625
29.5	4.4496338624338625
30.0	4.4496338624338625
30.5	4.4496338624338625
31.0	4.4496338624338625
31.5	4.4496338624338625
32	6.109818181818182
32.5	6.109818181818182
33.0	6.109818181818182
33.5	6.109818181818182
34.0	6.109818181818182
34.5	6.109818181818182
35	3.1580513532269254
35.5	3.1580513532269254
36.0	3.1580513532269254
36.5	3.1580513532269254
37.0	3.1580513532269254
37.5	3.1580513532269254
38.0	3.1580513532269254
38.5	3.1580513532269254
39.0	3.1580513532269254
39.5	3.1580513532269254
40.0	3.1580513532269254
40.5	3.1580513532269254
41	4.714426094622392
41.5	4.714426094622392
42.0	4.714426094622392
42.5	4.714426094622392
43.0	4.714426094622392
43.5	4.714426094622392
44.0	4.714426094622392
44.5	5.347783850931677
45.0	5.347783850931677
45.5	5.347783850931677
46.0	5.347783850931677
46.5	5.347783850931677
47.0	5.347783850931677
47.5	7.357768001612547
48	7.525682826622843
48.5	7.525682826622843
49.0	7.525682826622843
49.5	7.525682826622843
50.0	7.525682826622843
50.5	3.9473157642549115
51.0	3.9473157642549115
51.5	3.9473157642549115
52.0	3.9473157642549115
52.5	3.9473157642549115
53.0	3.9473157642549115
53.5	3.9473157642549115
54.0	3.9473157642549115
54.5	3.6577739345274862
55.0	3.6577739345274862
55.5	3.6577739345274862
56.0	3.6577739345274862
56.5	3.6577739345274862
57.0	3.6577739345274862
57.5	3.6577739345274862
58.0	3.6577739345274862
58.5	3.6577739345274862
59.0	3.6577739345274862
59.5	4.080849574266793
60.0	4.080849574266793
60.5	4.080849574266793
61.0	4.080849574266793
61.5	4.080849574266793
62.0	4.080849574266793
62.5	4.080849574266793
63.0	4.080849574266793
63.5	4.080849574266793
64	3.301271292737204
64.5	3.301271292737204
65.0	3.301271292737204
65.5	3.301271292737204
66.0	3.301271292737204
66.5	3.301271292737204
67.0	3.301271292737204
67.5	3.301271292737204
68.0	3.301271292737204
68.5	3.301271292737204
69	3.704628085106383
69.5	3.704628085106383
70.0	3.704628085106383
70.5	3.704628085106383
71.0	3.704628085106383
71.5	3.704628085106383
72.0	3.704628085106383
72.5	3.704628085106383
73.0	3.704628085106383
73.5	5.906297108673978
74.0	5.906297108673978
74.5	5.906297108673978
75.0	5.906297108673978
75.5	5.906297108673978
76.0	5.906297108673978
76.5	3.3318574429212684
77	3.2497217806041334
77.5	3.2497217806041334
78.0	3.2497217806041334
78.5	3.2497217806041334
79.0	3.2497217806041334
79.5	3.2497217806041334
80.0	3.2497217806041334
80.5	3.2497217806041334
81.0	3.2497217806041334
81.5	3.2497217806041334
82	2.0659329239489845
82.5	2.0659329239489845
83.0	2.0659329239489845
83.5	2.0659329239489845
84.0	2.0659329239489845
84.5	2.0659329239489845
85.0	2.0659329239489845
85.5	2.0659329239489845
86.0	2.0659329239489845
86.5	2.0659329239489845
87.0	2.0659329239489845
87.5	2.0659329239489845
88.0	2.0659329239489845
88.5	2.0659329239489845
89.0	2.0659329239489845
89.5	2.0659329239489845
90.0	2.0659329239489845
90.5	2.2783652939327257
91.0	2.2783652939327257
91.5	2.2783652939327257
92.0	2.2783652939327257
92.5	2.2783652939327257
93.0	2.2783652939327257
93.5	3.384299993252511
94	3.4218482320222487
94.5	3.4218482320222487
95.0	3.4218482320222487
95.5	3.4218482320222487
96.0	3.4218482320222487
96.5	3.3127121791370837
97.0	3.3127121791370837
97.5	3.3127121791370837
98	3.097806901935717
98.5	3.0894736006351726
99.0	3.0894736006351726
99.5	3.0894736006351726
100.0	3.0894736006351726
100.5	3.0894736006351726
101	2.855335771762985
101.5	2.855335771762985
102.0	2.855335771762985
102.5	2.855335771762985
103.0	2.855335771762985
103.5	2.749874852420307
104.0	2.749874852420307
104.5	2.749874852420307
105.0	2.749874852420307
105.5	2.749874852420307
106	2.6418943418532983
106.5	2.6393446249567925
107.0	2.6393446249567925
107.5	2.6393446249567925
108.0	2.6393446249567925
108.5	2.6393446249567925
109	2.4511686373457255
109.5	2.4440787021056267
110.0	2.4440787021056267
110.5	2.4440787021056267
111.0	2.4440787021056267
111.5	2.4440787021056267
112	3.0603011285172967
112.5	3.1219871843196385
113.0	3.1219871843196385
113.5	3.1219871843196385
114.0	3.1219871843196385
114.5	3.1219871843196385
115	4.055557312252964
115.5	4.055557312252964
116.0	4.055557312252964
116.5	4.055557312252964
117	3.63439156075808
117.5	3.6183689506468615
118.0	3.6183689506468615
118.5	3.6183689506468615
119.0	3.6183689506468615
119.5	2.5078785107772696
120.0	2.5078785107772696
120.5	2.5078785107772696
121.0	2.5078785107772696
121.5	2.5078785107772696
122.0	2.5078785107772696
122.5	2.5078785107772696
123.0	2.5078785107772696
123.5	2.5078785107772696
124.0	2.5078785107772696
124.5	2.5078785107772696
125.0	2.5078785107772696
125.5	3.5189954936501437
126.0	3.5189954936501437
126.5	3.5189954936501437
127.0	3.5189954936501437
127.5	3.5189954936501437
128.0	3.5189954936501437
128.5	3.5189954936501437
129.0	3.5189954936501437
129.5	3.5189954936501437
130.0	3.5189954936501437
130.5	6.956381418092909
131.0	6.956381418092909
131.5	6.956381418092909
132.0	6.956381418092909
132.5	6.956381418092909
133	6.295914924825817
133.5	6.295914924825817
134.0	6.295914924825817
134.5	6.295914924825817
135.0	6.295914924825817
135.5	6.295914924825817
136	3.1826279245283016
136.5	3.1826279245283016
137.0	3.1826279245283016
137.5	3.1826279245283016
138.0	3.1826279245283016
138.5	3.1826279245283016
139.0	3.1826279245283016
139.5	3.1826279245283016
140.0	3.1826279245283016
140.5	3.1826279245283016
141.0	3.1826279245283016
141.5	4.548820406038521
142.0	4.548820406038521
142.5	4.548820406038521
143.0	4.548820406038521
143.5	4.548820406038521
144.0	4.548820406038521
144.5	4.548820406038521
145	4.525871571291336
145.5	4.525572913889629
146.0	4.525572913889629
146.5	4.525572913889629
147.0	4.525572913889629
147.5	4.525572913889629
148.0	4.525572913889629
148.5	4.525572913889629
149	5.132355015900549
149.5	5.132355015900549
150.0	5.132355015900549
150.5	5.132355015900549
151.0	5.132355015900549
151.5	5.132355015900549
152.0	5.132355015900549
152.5	6.063022677876091
153	6.125981981981982
153.5	6.125981981981982
154.0	6.125981981981982
154.5	6.125981981981982
155.0	6.125981981981982
155.5	3.110965553055219
156.0	3.110965553055219
156.5	3.110965553055219
157.0	3.110965553055219
157.5	3.110965553055219
158.0	3.110965553055219
158.5	3.110965553055219
159.0	3.110965553055219
159.5	3.110965553055219
160.0	3.110965553055219
160.5	3.110965553055219
161.0	3.110965553055219
161.5	4.887576323987538
162.0	4.887576323987538
162.5	4.887576323987538
163.0	4.887576323987538
163.5	4.887576323987538
164.0	4.887576323987538
164.5	4.887576323987538
165	6.019586592178771
165.5	6.019586592178771
166.0	6.019586592178771
166.5	6.019586592178771
167.0	6.019586592178771
167.5	6.63300981766031
168	6.641148812970469
168.5	6.641148812970469
169.0	6.641148812970469
