0	3.0554789915966385
0.5	3.063467573464645
1	3.065615763546798
1.5	3.0227731810672984
2	3.0166074950690334
2.5	3.0166074950690334
3	3.0069038572251006
3.5	3.0069038572251006
4.0	3.0069038572251006
4.5	3.007256687001408
5.0	3.007256687001408
5.5	3.007256687001408
6.0	3.007256687001408
6.5	3.007256687001408
7	1.9669074124355146
7.5	1.9669074124355146
8.0	1.9669074124355146
8.5	1.9669074124355146
9.0	1.9669074124355146
9.5	1.9669074124355146
10.0	1.9669074124355146
10.5	2.0637061542203843
11.0	2.0637061542203843
11.5	2.0637061542203843
12.0	2.0637061542203843
12.5	2.0637061542203843
13.0	2.0637061542203843
13.5	2.0637061542203843
14.0	2.0637061542203843
14.5	2.0637061542203843
15	1.9349585933068634
15.5	1.9349585933068634
16.0	1.9349585933068634
16.5	1.9349585933068634
17.0	1.9349585933068634
17.5	1.9349585933068634
18.0	1.9349585933068634
18.5	2.4378472824274757
19.0	2.4378472824274757
19.5	2.4378472824274757
20.0	2.4378472824274757
20.5	2.4378472824274757
21.0	2.4378472824274757
21.5	2.3687939508506615
22.0	2.3687939508506615
22.5	2.3687939508506615
23.0	2.3687939508506615
23.5	2.3687939508506615
24.0	2.3687939508506615
24.5	2.8901261961391933
25	2.911314557715192
25.5	2.911314557715192
26.0	2.911314557715192
26.5	2.911314557715192
27.0	2.911314557715192
27.5	2.912267589388697
28.0	2.912267589388697
28.5	2.912267589388697
29.0	2.912267589388697
29.5	2.912267589388697
30	3.159030162704467
30.5	3.1866379707916987
31.0	3.1866379707916987
31.5	3.1866379707916987
32.0	3.1866379707916987
32.5	3.1866379707916987
33	3.5879082969432314
33.5	3.5879082969432314
34.0	3.5879082969432314
34.5	3.5879082969432314
35	3.639793701120271
35.5	3.639793701120271
36.0	3.639793701120271
36.5	3.639793701120271
37.0	3.639793701120271
37.5	3.639793701120271
38.0	3.639793701120271
38.5	3.639793701120271
39.0	3.639793701120271
39.5	3.8382695570292724
40	3.8409544977982804
40.5	3.8409544977982804
41.0	3.8409544977982804
41.5	3.8409544977982804
42.0	3.8409544977982804
42.5	3.8409544977982804
43.0	3.8409544977982804
43.5	3.8409544977982804
44.0	3.8409544977982804
44.5	3.0115328093584353
45.0	3.0115328093584353
45.5	3.0115328093584353
46.0	3.0115328093584353
46.5	3.0115328093584353
47.0	3.0115328093584353
47.5	3.0115328093584353
48.0	3.0115328093584353
48.5	3.0115328093584353
49.0	3.0115328093584353
49.5	3.0115328093584353
50	3.042611406062682
50.5	3.042611406062682
51.0	3.042611406062682
51.5	3.042611406062682
52.0	3.042611406062682
52.5	3.042611406062682
53.0	3.042611406062682
53.5	3.042611406062682
54.0	3.042611406062682
54.5	3.042611406062682
55.0	3.042611406062682
55.5	3.042611406062682
56	2.968145879924308
56.5	2.968145879924308
57.0	2.968145879924308
57.5	2.968145879924308
58.0	2.968145879924308
58.5	2.968145879924308
59.0	2.968145879924308
59.5	2.968145879924308
60.0	2.968145879924308
60.5	2.968145879924308
61.0	2.968145879924308
61.5	2.968145879924308
62	3.0168578295433535
62.5	3.0168578295433535
63.0	3.0168578295433535
63.5	3.0168578295433535
64.0	3.0168578295433535
64.5	3.0168578295433535
65.0	3.0168578295433535
65.5	3.0168578295433535
66.0	3.0168578295433535
66.5	3.0168578295433535
67.0	3.0168578295433535
67.5	3.2970558606324563
68.0	3.2970558606324563
68.5	3.2970558606324563
69.0	3.2970558606324563
69.5	3.2970558606324563
70.0	3.2970558606324563
70.5	3.2970558606324563
71.0	3.2970558606324563
71.5	3.2970558606324563
72.0	3.2970558606324563
72.5	3.7987320023022413
73	3.8096565916398712
73.5	3.8096565916398712
74.0	3.8096565916398712
74.5	3.8096565916398712
75.0	3.8096565916398712
75.5	3.8096565916398712
76.0	3.8096565916398712
76.5	3.8096565916398712
77.0	3.8096565916398712
77.5	2.94636975421455
78	2.9045470692717585
78.5	2.9045470692717585
79.0	2.9045470692717585
79.5	2.9045470692717585
80.0	2.9045470692717585
80.5	2.9045470692717585
81.0	2.9045470692717585
81.5	2.9045470692717585
82.0	2.9045470692717585
82.5	2.9045470692717585
83.0	2.9045470692717585
83.5	2.8930577145692076
84.0	2.8930577145692076
84.5	2.8930577145692076
85.0	2.8930577145692076
85.5	2.8930577145692076
86.0	2.8930577145692076
86.5	2.8930577145692076
87.0	2.8930577145692076
87.5	2.8930577145692076
88.0	2.8930577145692076
88.5	2.8930577145692076
89.0	2.8930577145692076
89.5	3.0945687446626815
90.0	3.0945687446626815
90.5	3.0945687446626815
91.0	3.0945687446626815
91.5	3.0945687446626815
92	3.624912457912458
92.5	3.624912457912458
93.0	3.624912457912458
93.5	3.624912457912458
94.0	3.624912457912458
94.5	3.625568439928273
95.0	3.625568439928273
95.5	3.625568439928273
96	3.05071893375147
96.5	3.05071893375147
97.0	3.05071893375147
97.5	3.05071893375147
98.0	3.05071893375147
98.5	2.0439724067773617
99	2.0250293125810637
99.5	2.0250293125810637
100.0	2.0250293125810637
100.5	2.0250293125810637
101.0	2.0250293125810637
101.5	2.0250293125810637
102.0	2.0250293125810637
102.5	1.9964091428571429
103.0	1.9964091428571429
103.5	1.9964091428571429
104.0	1.9964091428571429
104.5	1.9964091428571429
105.0	1.9964091428571429
105.5	1.9964091428571429
106	1.9212775291655502
106.5	1.9189806484041216
107.0	1.9189806484041216
107.5	1.9189806484041216
108.0	1.9189806484041216
108.5	1.9189806484041216
109.0	1.9189806484041216
109.5	1.9189806484041216
110.0	1.9189806484041216
110.5	2.9185886232481453
111.0	2.9185886232481453
111.5	2.9185886232481453
112.0	2.9185886232481453
112.5	2.9185886232481453
113	3.438203403902034
113.5	3.438203403902034
114.0	3.438203403902034
114.5	3.438203403902034
115.0	3.438203403902034
115.5	3.2482975860704393
116.0	3.2482975860704393
116.5	3.2482975860704393
117.0	3.2482975860704393
117.5	3.2482975860704393
118	3.6011139723414405
118.5	3.6011139723414405
119.0	3.6011139723414405
119.5	3.6011139723414405
120.0	3.6011139723414405
120.5	3.559269524913094
121.0	3.559269524913094
121.5	3.559269524913094
122.0	3.559269524913094
122.5	3.559269524913094
123.0	3.559269524913094
123.5	3.559269524913094
124.0	3.559269524913094
124.5	3.234900812097407
125	3.2280601277715144
125.5	3.2280601277715144
126.0	3.2280601277715144
126.5	3.2280601277715144
127.0	3.2280601277715144
127.5	3.2280601277715144
128.0	3.2280601277715144
128.5	3.2280601277715144
129.0	3.2280601277715144
129.5	3.2280601277715144
130	3.4121447131720966
130.5	3.4121447131720966
131.0	3.4121447131720966
131.5	3.4121447131720966
132.0	3.4121447131720966
132.5	3.4121447131720966
133.0	3.4121447131720966
133.5	3.4121447131720966
134.0	3.4121447131720966
134.5	3.4121447131720966
135	2.875139950440967
135.5	2.8648356415818452
136.0	2.8648356415818452
136.5	2.8648356415818452
137.0	2.8648356415818452
137.5	2.8648356415818452
138.0	2.8648356415818452
138.5	2.8648356415818452
139.0	2.8648356415818452
139.5	2.8648356415818452
140.0	2.8648356415818452
140.5	2.8648356415818452
141.0	2.8648356415818452
141.5	3.4664874640361694
142.0	3.4664874640361694
142.5	3.4664874640361694
143.0	3.4664874640361694
143.5	3.4664874640361694
144.0	3.4664874640361694
144.5	3.4664874640361694
145.0	3.4664874640361694
145.5	3.4664874640361694
146	3.1640859124184786
146.5	3.162035100416139
147.0	3.162035100416139
147.5	3.162035100416139
148.0	3.162035100416139
148.5	3.162035100416139
149.0	3.162035100416139
149.5	3.162035100416139
150.0	3.162035100416139
150.5	3.162035100416139
151.0	3.162035100416139
151.5	3.162035100416139
152	3.082517523152352
152.5	3.082517523152352
153.0	3.082517523152352
153.5	3.082517523152352
154.0	3.082517523152352
154.5	3.082517523152352
155.0	3.082517523152352
155.5	3.082517523152352
156.0	3.082517523152352
156.5	3.082517523152352
157.0	3.082517523152352
157.5	2.8018964646464646
158.0	2.8018964646464646
158.5	2.8018964646464646
159.0	2.8018964646464646
159.5	2.8018964646464646
160.0	2.8018964646464646
160.5	2.8018964646464646
161.0	2.8018964646464646
161.5	2.8018964646464646
162.0	2.8018964646464646
162.5	2.8018964646464646
163.0	2.8018964646464646
163.5	2.8018964646464646
164	3.1085705024311183
164.5	3.1085705024311183
165.0	3.1085705024311183
165.5	3.1085705024311183
166.0	3.1085705024311183
166.5	3.1189011512504963
167.0	3.1189011512504963
167.5	3.1189011512504963
168.0	3.1189011512504963
168.5	3.1189011512504963
169	3.1318755890669183
169.5	3.1318755890669183
170.0	3.1318755890669183
170.5	3.1318755890669183
171	3.1073703533731067
171.5	3.1073703533731067
172.0	3.1073703533731067
172.5	3.1073703533731067
173.0	3.1073703533731067
173.5	3.0111879321181645
174.0	3.0111879321181645
174.5	3.0111879321181645
