0	8.505309941520467
0.5	8.397157894736841
1	8.332220976781425
1.5	8.332220976781425
2	8.334997806075974
2.5	8.335108968177435
3.0	8.335108968177435
3.5	8.335108968177435
4.0	8.335108968177435
4.5	3.436131563762262
5.0	3.436131563762262
5.5	3.436131563762262
6.0	3.436131563762262
6.5	3.436131563762262
7.0	3.436131563762262
7.5	3.436131563762262
8.0	3.436131563762262
8.5	3.436131563762262
9.0	3.436131563762262
9.5	4.8404487379245875
10.0	4.8404487379245875
10.5	4.8404487379245875
11.0	4.8404487379245875
11.5	4.8404487379245875
12.0	4.8404487379245875
12.5	4.8404487379245875
13	5.477715011107585
13.5	5.477715011107585
14.0	5.477715011107585
14.5	5.477715011107585
15.0	5.477715011107585
15.5	5.477715011107585
16	5.368114854966306
16.5	5.368114854966306
17.0	5.368114854966306
17.5	5.368114854966306
18.0	5.368114854966306
18.5	5.368114854966306
19.0	5.368114854966306
19.5	1.5184921968787515
20.0	1.5184921968787515
20.5	1.5184921968787515
21.0	1.5184921968787515
21.5	1.5184921968787515
22.0	1.5184921968787515
22.5	1.5184921968787515
23.0	1.5184921968787515
23.5	1.5184921968787515
24.0	1.5184921968787515
24.5	1.5184921968787515
25.0	1.5184921968787515
25.5	1.5184921968787515
26.0	1.5184921968787515
26.5	1.5184921968787515
27.0	1.5184921968787515
27.5	1.5184921968787515
28.0	1.5184921968787515
28.5	1.5184921968787515
29.0	1.5184921968787515
29.5	1.5184921968787515
30.0	1.5184921968787515
30.5	3.6628777555110217
31.0	3.6628777555110217
31.5	3.6628777555110217
32.0	3.6628777555110217
32.5	7.146912547528517
33.0	7.146912547528517
33.5	7.240860051054433
34	7.245235932872655
34.5	7.245235932872655
35	2.0988661679135494
35.5	2.0988661679135494
36.0	2.0988661679135494
36.5	2.0988661679135494
37.0	2.0988661679135494
37.5	2.0988661679135494
38.0	2.0988661679135494
38.5	5.730222529371113
39.0	5.730222529371113
39.5	5.730222529371113
40	4.833742693582404
40.5	4.833742693582404
41.0	4.833742693582404
41.5	4.833742693582404
42.0	4.833742693582404
42.5	4.833742693582404
43.0	4.833742693582404
43.5	7.0863637860082305
44.0	7.0863637860082305
44.5	7.0863637860082305
45.0	7.0863637860082305
45.5	7.0863637860082305
46	1.6187267585719334
46.5	1.6187267585719334
47.0	1.6187267585719334
47.5	1.6187267585719334
48.0	1.6187267585719334
48.5	1.6187267585719334
49.0	1.6187267585719334
49.5	1.6187267585719334
50.0	1.6187267585719334
50.5	1.6187267585719334
51.0	1.6187267585719334
51.5	1.6187267585719334
52.0	1.6187267585719334
52.5	1.6187267585719334
53.0	1.6187267585719334
53.5	1.6187267585719334
54.0	1.6187267585719334
54.5	1.6187267585719334
55.0	1.6187267585719334
55.5	1.6187267585719334
56.0	1.6187267585719334
56.5	1.6187267585719334
57.0	1.6187267585719334
57.5	1.4811838125085162
58.0	1.4811838125085162
58.5	1.4811838125085162
59.0	1.4811838125085162
59.5	1.4811838125085162
60.0	1.4811838125085162
60.5	1.4811838125085162
61.0	1.4811838125085162
61.5	1.4811838125085162
62.0	1.4811838125085162
62.5	1.4811838125085162
63.0	1.4811838125085162
63.5	1.4811838125085162
64.0	1.4811838125085162
64.5	1.4811838125085162
65	3.021668833652008
65.5	3.021668833652008
66.0	3.021668833652008
66.5	3.021668833652008
67.0	3.021668833652008
67.5	1.4788953372023212
68.0	1.4788953372023212
68.5	1.4788953372023212
69.0	1.4788953372023212
69.5	1.4788953372023212
70.0	1.4788953372023212
70.5	1.4788953372023212
71.0	1.4788953372023212
71.5	1.4788953372023212
72.0	1.4788953372023212
72.5	1.574224032586558
73.0	1.574224032586558
73.5	1.574224032586558
74.0	1.574224032586558
74.5	4.416657995705583
75	4.616380952380952
75.5	7.034625820568928
76	6.883267716535434
76.5	6.883267716535434
77	6.874457416267942
77.5	6.874457416267942
78	7.190865476684007
78.5	7.206610183996577
79.0	7.206610183996577
79.5	7.206610183996577
80.0	7.206610183996577
80.5	7.0355007342143905
81.0	7.0355007342143905
81.5	7.0355007342143905
82.0	7.0355007342143905
82.5	7.0355007342143905
83.0	7.0355007342143905
83.5	3.5757896645512237
84.0	3.5757896645512237
84.5	3.5757896645512237
85.0	3.5757896645512237
85.5	3.5757896645512237
86.0	3.5757896645512237
86.5	3.5757896645512237
87.0	3.5757896645512237
87.5	3.5757896645512237
88	4.239551142005959
88.5	4.239551142005959
89.0	4.239551142005959
89.5	4.239551142005959
90.0	4.239551142005959
90.5	4.239551142005959
91.0	4.239551142005959
91.5	4.239551142005959
92	4.876935211267606
92.5	4.876935211267606
93.0	4.876935211267606
93.5	4.876935211267606
94.0	4.876935211267606
94.5	4.876935211267606
95.0	4.876935211267606
95.5	4.182470064324591
96.0	4.182470064324591
96.5	4.182470064324591
97.0	4.182470064324591
97.5	4.182470064324591
98.0	4.182470064324591
98.5	4.182470064324591
99.0	4.182470064324591
99.5	5.06650991556112
100	5.077664302600473
100.5	5.077664302600473
101.0	5.077664302600473
101.5	5.077664302600473
102.0	5.077664302600473
102.5	5.077664302600473
103	4.064534318870454
103.5	4.027709558823529
104.0	4.027709558823529
104.5	4.027709558823529
105.0	4.027709558823529
105.5	4.027709558823529
106.0	4.027709558823529
106.5	4.027709558823529
107.0	4.027709558823529
107.5	4.096272619886028
108	4.099974899148364
108.5	4.099974899148364
109.0	4.099974899148364
109.5	4.099974899148364
110.0	4.099974899148364
110.5	4.099974899148364
111.0	4.099974899148364
111.5	4.099974899148364
112.0	4.099974899148364
112.5	6.309738892686261
113.0	6.309738892686261
113.5	6.309738892686261
114.0	6.309738892686261
114.5	6.309738892686261
115.0	6.309738892686261
115.5	6.494352139341158
116.0	6.494352139341158
116.5	6.494352139341158
117.0	6.494352139341158
117.5	6.494352139341158
118	6.949433484162896
118.5	6.949433484162896
119.0	6.949433484162896
119.5	6.949433484162896
120.0	6.949433484162896
120.5	6.460976306882286
121.0	6.460976306882286
121.5	6.460976306882286
122.0	6.460976306882286
122.5	6.460976306882286
123	6.454049149338374
123.5	6.454049149338374
124.0	6.454049149338374
124.5	6.454049149338374
125.0	6.454049149338374
125.5	6.459248709138265
126	6.459352896914973
126.5	6.459352896914973
127.0	6.459352896914973
127.5	6.459352896914973
128.0	6.459352896914973
128.5	6.254329996292176
129.0	6.254329996292176
129.5	6.254329996292176
130.0	6.254329996292176
130.5	6.254329996292176
131	6.407567230368192
131.5	6.413419449541285
132.0	6.413419449541285
132.5	6.413419449541285
133.0	6.413419449541285
133.5	6.413419449541285
134	3.6372471875458503
134.5	3.3601393507521773
135.0	3.3601393507521773
135.5	3.3601393507521773
136.0	3.3601393507521773
136.5	3.3601393507521773
137.0	3.3601393507521773
137.5	3.3601393507521773
138.0	3.3601393507521773
138.5	3.3601393507521773
139.0	3.3601393507521773
139.5	6.636566728971962
140.0	6.636566728971962
140.5	6.636566728971962
141.0	6.636566728971962
141.5	6.636566728971962
142	6.808009611533841
142.5	6.808009611533841
143.0	6.808009611533841
143.5	6.808009611533841
144.0	6.808009611533841
144.5	5.743371187160813
145	5.698176284083703
145.5	5.698176284083703
146.0	5.698176284083703
146.5	5.698176284083703
147.0	5.698176284083703
147.5	5.698176284083703
148	6.608727885425441
148.5	6.608727885425441
149.0	6.608727885425441
149.5	6.608727885425441
150.0	6.608727885425441
150.5	5.721903750414869
151.0	5.721903750414869
151.5	5.721903750414869
152.0	5.721903750414869
152.5	5.721903750414869
153.0	5.721903750414869
153.5	4.435136890951275
154.0	4.435136890951275
154.5	4.435136890951275
155.0	4.435136890951275
155.5	4.435136890951275
